[    7300.533480] /dev/input/event2: 0003 0039 00000384
[    7300.533480] /dev/input/event2: 0003 0035 0000022b
[    7300.533480] /dev/input/event2: 0003 0036 000006a4
[    7300.533480] /dev/input/event2: 0003 0031 00000003
[    7300.533480] /dev/input/event2: 0003 003a 00000035
[    7300.533480] /dev/input/event2: 0000 0000 00000000
[    7300.550338] /dev/input/event2: 0003 003a 0000003c
[    7300.550338] /dev/input/event2: 0000 0000 00000000
[    7300.558847] /dev/input/event2: 0003 0036 000006a3
[    7300.558847] /dev/input/event2: 0000 0000 00000000
[    7300.567283] /dev/input/event2: 0003 0036 000006a1
[    7300.567283] /dev/input/event2: 0003 0031 00000004
[    7300.567283] /dev/input/event2: 0000 0000 00000000
[    7300.575823] /dev/input/event2: 0003 0035 0000022a
[    7300.575823] /dev/input/event2: 0003 0036 0000069d
[    7300.575823] /dev/input/event2: 0000 0000 00000000
[    7300.584324] /dev/input/event2: 0003 0035 00000229
[    7300.584324] /dev/input/event2: 0003 0036 00000696
[    7300.584324] /dev/input/event2: 0003 003a 0000003d
[    7300.584324] /dev/input/event2: 0000 0000 00000000
[    7300.592735] /dev/input/event2: 0003 0035 00000227
[    7300.592735] /dev/input/event2: 0003 0036 0000068b
[    7300.592735] /dev/input/event2: 0003 0031 00000003
[    7300.592735] /dev/input/event2: 0003 003a 0000003e
[    7300.592735] /dev/input/event2: 0000 0000 00000000
[    7300.601268] /dev/input/event2: 0003 0035 00000225
[    7300.601268] /dev/input/event2: 0003 0036 0000067c
[    7300.601268] /dev/input/event2: 0003 0031 00000004
[    7300.601268] /dev/input/event2: 0003 003a 0000003d
[    7300.601268] /dev/input/event2: 0000 0000 00000000
[    7300.608870] /dev/input/event2: 0003 0035 00000223
[    7300.608870] /dev/input/event2: 0003 0036 00000668
[    7300.608870] /dev/input/event2: 0003 003a 00000036
[    7300.608870] /dev/input/event2: 0000 0000 00000000
[    7300.617328] /dev/input/event2: 0003 0035 00000220
[    7300.617328] /dev/input/event2: 0003 0036 0000064f
[    7300.617328] /dev/input/event2: 0000 0000 00000000
[    7300.625845] /dev/input/event2: 0003 0035 0000021b
[    7300.625845] /dev/input/event2: 0003 0036 00000634
[    7300.625845] /dev/input/event2: 0000 0000 00000000
[    7300.634395] /dev/input/event2: 0003 0035 00000216
[    7300.634395] /dev/input/event2: 0003 0036 00000615
[    7300.634395] /dev/input/event2: 0000 0000 00000000
[    7300.642884] /dev/input/event2: 0003 0035 00000210
[    7300.642884] /dev/input/event2: 0003 0036 000005f6
[    7300.642884] /dev/input/event2: 0000 0000 00000000
[    7300.651280] /dev/input/event2: 0003 0035 0000020b
[    7300.651280] /dev/input/event2: 0003 0036 000005d6
[    7300.651280] /dev/input/event2: 0000 0000 00000000
[    7300.659745] /dev/input/event2: 0003 0035 00000207
[    7300.659745] /dev/input/event2: 0003 0036 000005b8
[    7300.659745] /dev/input/event2: 0003 003a 00000035
[    7300.659745] /dev/input/event2: 0000 0000 00000000
[    7300.668248] /dev/input/event2: 0003 0035 00000205
[    7300.668248] /dev/input/event2: 0003 0036 0000059b
[    7300.668248] /dev/input/event2: 0003 0031 00000003
[    7300.668248] /dev/input/event2: 0003 003a 00000036
[    7300.668248] /dev/input/event2: 0000 0000 00000000
[    7300.676805] /dev/input/event2: 0003 0035 00000204
[    7300.676805] /dev/input/event2: 0003 0036 0000057e
[    7300.676805] /dev/input/event2: 0003 0031 00000004
[    7300.676805] /dev/input/event2: 0000 0000 00000000
[    7300.685186] /dev/input/event2: 0003 0035 00000205
[    7300.685186] /dev/input/event2: 0003 0036 00000564
[    7300.685186] /dev/input/event2: 0000 0000 00000000
[    7300.693669] /dev/input/event2: 0003 0035 00000208
[    7300.693669] /dev/input/event2: 0003 0036 0000054a
[    7300.693669] /dev/input/event2: 0000 0000 00000000
[    7300.702187] /dev/input/event2: 0003 0035 0000020c
[    7300.702187] /dev/input/event2: 0003 0036 00000532
[    7300.702187] /dev/input/event2: 0000 0000 00000000
[    7300.711458] /dev/input/event2: 0003 0035 00000211
[    7300.711458] /dev/input/event2: 0003 0036 0000051e
[    7300.711458] /dev/input/event2: 0003 003a 0000003c
[    7300.711458] /dev/input/event2: 0000 0000 00000000
[    7300.719789] /dev/input/event2: 0003 0035 00000219
[    7300.719789] /dev/input/event2: 0003 0036 0000050b
[    7300.719789] /dev/input/event2: 0003 003a 0000003b
[    7300.719789] /dev/input/event2: 0000 0000 00000000
[    7300.728440] /dev/input/event2: 0003 0035 00000223
[    7300.728440] /dev/input/event2: 0003 0036 000004fc
[    7300.728440] /dev/input/event2: 0003 003a 0000003c
[    7300.728440] /dev/input/event2: 0000 0000 00000000
[    7300.736958] /dev/input/event2: 0003 0035 0000022e
[    7300.736958] /dev/input/event2: 0003 0036 000004f1
[    7300.736958] /dev/input/event2: 0003 003a 0000003b
[    7300.736958] /dev/input/event2: 0000 0000 00000000
[    7300.744544] /dev/input/event2: 0003 0035 00000242
[    7300.744544] /dev/input/event2: 0003 0036 000004e6
[    7300.744544] /dev/input/event2: 0003 003a 00000036
[    7300.744544] /dev/input/event2: 0000 0000 00000000
[    7300.753049] /dev/input/event2: 0003 0035 0000025a
[    7300.753049] /dev/input/event2: 0003 0036 000004e0
[    7300.753049] /dev/input/event2: 0000 0000 00000000
[    7300.761525] /dev/input/event2: 0003 0035 0000027b
[    7300.761525] /dev/input/event2: 0003 0036 000004e2
[    7300.761525] /dev/input/event2: 0000 0000 00000000
[    7300.769997] /dev/input/event2: 0003 0035 0000029c
[    7300.769997] /dev/input/event2: 0003 0036 000004ee
[    7300.769997] /dev/input/event2: 0000 0000 00000000
[    7300.778478] /dev/input/event2: 0003 0035 000002c4
[    7300.778478] /dev/input/event2: 0003 0036 00000506
[    7300.778478] /dev/input/event2: 0003 003a 00000037
[    7300.778478] /dev/input/event2: 0000 0000 00000000
[    7300.787112] /dev/input/event2: 0003 0035 000002ea
[    7300.787112] /dev/input/event2: 0003 0036 00000524
[    7300.787112] /dev/input/event2: 0003 003a 00000038
[    7300.787112] /dev/input/event2: 0000 0000 00000000
[    7300.795471] /dev/input/event2: 0003 0035 00000311
[    7300.795471] /dev/input/event2: 0003 0036 00000549
[    7300.795471] /dev/input/event2: 0000 0000 00000000
[    7300.803898] /dev/input/event2: 0003 0035 00000337
[    7300.803898] /dev/input/event2: 0003 0036 00000576
[    7300.803898] /dev/input/event2: 0000 0000 00000000
[    7300.812395] /dev/input/event2: 0003 0035 0000035c
[    7300.812395] /dev/input/event2: 0003 0036 000005a6
[    7300.812395] /dev/input/event2: 0000 0000 00000000
[    7300.820891] /dev/input/event2: 0003 0035 00000379
[    7300.820891] /dev/input/event2: 0003 0036 000005d4
[    7300.820891] /dev/input/event2: 0000 0000 00000000
[    7300.829423] /dev/input/event2: 0003 0035 00000391
[    7300.829423] /dev/input/event2: 0003 0036 00000603
[    7300.829423] /dev/input/event2: 0003 003a 00000039
[    7300.829423] /dev/input/event2: 0000 0000 00000000
[    7300.837857] /dev/input/event2: 0003 0035 000003a2
[    7300.837857] /dev/input/event2: 0003 0036 00000627
[    7300.837857] /dev/input/event2: 0000 0000 00000000
[    7300.846423] /dev/input/event2: 0003 0035 000003af
[    7300.846423] /dev/input/event2: 0003 0036 00000649
[    7300.846423] /dev/input/event2: 0000 0000 00000000
[    7300.854858] /dev/input/event2: 0003 0035 000003b6
[    7300.854858] /dev/input/event2: 0003 0036 00000665
[    7300.854858] /dev/input/event2: 0003 003a 00000038
[    7300.854858] /dev/input/event2: 0000 0000 00000000
[    7300.863960] /dev/input/event2: 0003 0035 000003ba
[    7300.863960] /dev/input/event2: 0003 0036 0000067a
[    7300.863960] /dev/input/event2: 0003 003a 0000003e
[    7300.863960] /dev/input/event2: 0000 0000 00000000
[    7300.872553] /dev/input/event2: 0003 0035 000003bb
[    7300.872553] /dev/input/event2: 0003 0036 0000068a
[    7300.872553] /dev/input/event2: 0003 003a 0000003f
[    7300.872553] /dev/input/event2: 0000 0000 00000000
[    7300.881062] /dev/input/event2: 0003 0035 000003ba
[    7300.881062] /dev/input/event2: 0003 0036 00000697
[    7300.881062] /dev/input/event2: 0000 0000 00000000
[    7300.889568] /dev/input/event2: 0003 0035 000003b8
[    7300.889568] /dev/input/event2: 0003 0036 000006a1
[    7300.889568] /dev/input/event2: 0000 0000 00000000
[    7300.897983] /dev/input/event2: 0003 0035 000003b4
[    7300.897983] /dev/input/event2: 0003 0036 000006a8
[    7300.897983] /dev/input/event2: 0000 0000 00000000
[    7300.906399] /dev/input/event2: 0003 0035 000003af
[    7300.906399] /dev/input/event2: 0003 0036 000006ac
[    7300.906399] /dev/input/event2: 0003 003a 0000003e
[    7300.906399] /dev/input/event2: 0000 0000 00000000
[    7300.914982] /dev/input/event2: 0003 0035 000003a6
[    7300.914982] /dev/input/event2: 0003 0036 000006b0
[    7300.914982] /dev/input/event2: 0000 0000 00000000
[    7300.923472] /dev/input/event2: 0003 0035 0000039b
[    7300.923472] /dev/input/event2: 0003 0036 000006b1
[    7300.923472] /dev/input/event2: 0000 0000 00000000
[    7300.931917] /dev/input/event2: 0003 0035 0000038b
[    7300.931917] /dev/input/event2: 0003 0036 000006ad
[    7300.931917] /dev/input/event2: 0003 0031 00000003
[    7300.931917] /dev/input/event2: 0003 003a 0000003d
[    7300.931917] /dev/input/event2: 0000 0000 00000000
[    7300.939580] /dev/input/event2: 0003 0035 00000377
[    7300.939580] /dev/input/event2: 0003 0036 000006a2
[    7300.939580] /dev/input/event2: 0003 0031 00000004
[    7300.939580] /dev/input/event2: 0003 003a 00000036
[    7300.939580] /dev/input/event2: 0000 0000 00000000
[    7300.948074] /dev/input/event2: 0003 0035 00000363
[    7300.948074] /dev/input/event2: 0003 0036 00000692
[    7300.948074] /dev/input/event2: 0003 0031 00000003
[    7300.948074] /dev/input/event2: 0000 0000 00000000
[    7300.956635] /dev/input/event2: 0003 0035 0000034d
[    7300.956635] /dev/input/event2: 0003 0036 0000067c
[    7300.956635] /dev/input/event2: 0003 0031 00000004
[    7300.956635] /dev/input/event2: 0003 003a 00000037
[    7300.956635] /dev/input/event2: 0000 0000 00000000
[    7300.965176] /dev/input/event2: 0003 0035 00000332
[    7300.965176] /dev/input/event2: 0003 0036 0000065e
[    7300.965176] /dev/input/event2: 0003 0031 00000003
[    7300.965176] /dev/input/event2: 0000 0000 00000000
[    7300.973561] /dev/input/event2: 0003 0035 00000318
[    7300.973561] /dev/input/event2: 0003 0036 0000063a
[    7300.973561] /dev/input/event2: 0003 0031 00000004
[    7300.973561] /dev/input/event2: 0000 0000 00000000
[    7300.982024] /dev/input/event2: 0003 0035 000002fe
[    7300.982024] /dev/input/event2: 0003 0036 00000612
[    7300.982024] /dev/input/event2: 0000 0000 00000000
[    7300.990517] /dev/input/event2: 0003 0035 000002e7
[    7300.990517] /dev/input/event2: 0003 0036 000005ee
[    7300.990517] /dev/input/event2: 0003 003a 00000036
[    7300.990517] /dev/input/event2: 0000 0000 00000000
[    7300.998991] /dev/input/event2: 0003 0035 000002d3
[    7300.998991] /dev/input/event2: 0003 0036 000005c8
[    7300.998991] /dev/input/event2: 0000 0000 00000000
[    7301.007441] /dev/input/event2: 0003 0035 000002c4
[    7301.007441] /dev/input/event2: 0003 0036 000005a7
[    7301.007441] /dev/input/event2: 0000 0000 00000000
[    7301.015923] /dev/input/event2: 0003 0035 000002b9
[    7301.015923] /dev/input/event2: 0003 0036 0000058a
[    7301.015923] /dev/input/event2: 0003 0031 00000003
[    7301.015923] /dev/input/event2: 0000 0000 00000000
[    7301.024406] /dev/input/event2: 0003 0035 000002b1
[    7301.024406] /dev/input/event2: 0003 0036 00000570
[    7301.024406] /dev/input/event2: 0003 0031 00000004
[    7301.024406] /dev/input/event2: 0000 0000 00000000
[    7301.033748] /dev/input/event2: 0003 0035 000002ad
[    7301.033748] /dev/input/event2: 0003 0036 0000055d
[    7301.033748] /dev/input/event2: 0003 003a 0000003d
[    7301.033748] /dev/input/event2: 0000 0000 00000000
[    7301.042166] /dev/input/event2: 0003 0035 000002ab
[    7301.042166] /dev/input/event2: 0003 0036 0000054e
[    7301.042166] /dev/input/event2: 0000 0000 00000000
[    7301.050789] /dev/input/event2: 0003 0036 00000541
[    7301.050789] /dev/input/event2: 0000 0000 00000000
[    7301.059002] /dev/input/event2: 0003 0035 000002ae
[    7301.059002] /dev/input/event2: 0003 0036 00000537
[    7301.059002] /dev/input/event2: 0003 003a 0000003c
[    7301.059002] /dev/input/event2: 0000 0000 00000000
[    7301.067763] /dev/input/event2: 0003 0035 000002b4
[    7301.067763] /dev/input/event2: 0003 0036 00000530
[    7301.067763] /dev/input/event2: 0000 0000 00000000
[    7301.075278] /dev/input/event2: 0003 0035 000002be
[    7301.075278] /dev/input/event2: 0003 0036 0000052a
[    7301.075278] /dev/input/event2: 0003 003a 00000036
[    7301.075278] /dev/input/event2: 0000 0000 00000000
[    7301.083790] /dev/input/event2: 0003 0035 000002d3
[    7301.083790] /dev/input/event2: 0003 0036 00000526
[    7301.083790] /dev/input/event2: 0003 003a 00000037
[    7301.083790] /dev/input/event2: 0000 0000 00000000
[    7301.092302] /dev/input/event2: 0003 0035 000002ec
[    7301.092302] /dev/input/event2: 0003 0036 00000529
[    7301.092302] /dev/input/event2: 0000 0000 00000000
[    7301.100746] /dev/input/event2: 0003 0035 0000030f
[    7301.100746] /dev/input/event2: 0003 0036 00000537
[    7301.100746] /dev/input/event2: 0003 003a 00000038
[    7301.100746] /dev/input/event2: 0000 0000 00000000
[    7301.109372] /dev/input/event2: 0003 0035 00000330
[    7301.109372] /dev/input/event2: 0003 0036 0000054d
[    7301.109372] /dev/input/event2: 0000 0000 00000000
[    7301.117693] /dev/input/event2: 0003 0035 00000358
[    7301.117693] /dev/input/event2: 0003 0036 0000056e
[    7301.117693] /dev/input/event2: 0003 003a 00000037
[    7301.117693] /dev/input/event2: 0000 0000 00000000
[    7301.126198] /dev/input/event2: 0003 0035 0000037e
[    7301.126198] /dev/input/event2: 0003 0036 0000059c
[    7301.126198] /dev/input/event2: 0000 0000 00000000
[    7301.134660] /dev/input/event2: 0003 0035 000003a7
[    7301.134660] /dev/input/event2: 0003 0036 000005d8
[    7301.134660] /dev/input/event2: 0000 0000 00000000
[    7301.143107] /dev/input/event2: 0003 0035 000003c8
[    7301.143107] /dev/input/event2: 0003 0036 00000616
[    7301.143107] /dev/input/event2: 0000 0000 00000000
[    7301.151593] /dev/input/event2: 0003 0035 000003dd
[    7301.151593] /dev/input/event2: 0003 0036 00000648
[    7301.151593] /dev/input/event2: 0003 003a 00000035
[    7301.151593] /dev/input/event2: 0000 0000 00000000
[    7301.160132] /dev/input/event2: 0003 0035 000003eb
[    7301.160132] /dev/input/event2: 0003 0036 00000674
[    7301.160132] /dev/input/event2: 0003 003a 00000033
[    7301.160132] /dev/input/event2: 0000 0000 00000000
[    7301.168570] /dev/input/event2: 0003 0035 000003f1
[    7301.168570] /dev/input/event2: 0003 0036 00000695
[    7301.168570] /dev/input/event2: 0003 003a 00000034
[    7301.168570] /dev/input/event2: 0000 0000 00000000
[    7301.177130] /dev/input/event2: 0003 0035 000003f3
[    7301.177130] /dev/input/event2: 0003 0036 000006b1
[    7301.177130] /dev/input/event2: 0003 003a 00000035
[    7301.177130] /dev/input/event2: 0000 0000 00000000
[    7301.185509] /dev/input/event2: 0003 0035 000003f2
[    7301.185509] /dev/input/event2: 0003 0036 000006c4
[    7301.185509] /dev/input/event2: 0003 003a 00000037
[    7301.185509] /dev/input/event2: 0000 0000 00000000
[    7301.194762] /dev/input/event2: 0003 0035 000003ed
[    7301.194762] /dev/input/event2: 0003 0036 000006cf
[    7301.194762] /dev/input/event2: 0003 003a 0000003d
[    7301.194762] /dev/input/event2: 0000 0000 00000000
[    7301.202654] /dev/input/event2: 0003 0035 000003e2
[    7301.202654] /dev/input/event2: 0003 0036 000006d6
[    7301.202654] /dev/input/event2: 0003 003a 00000038
[    7301.202654] /dev/input/event2: 0000 0000 00000000
[    7301.211079] /dev/input/event2: 0003 0035 000003c6
[    7301.211079] /dev/input/event2: 0003 0036 000006d8
[    7301.211079] /dev/input/event2: 0003 003a 00000039
[    7301.211079] /dev/input/event2: 0000 0000 00000000
[    7301.219503] /dev/input/event2: 0003 0035 00000398
[    7301.219503] /dev/input/event2: 0003 0036 000006cb
[    7301.219503] /dev/input/event2: 0003 003a 00000038
[    7301.219503] /dev/input/event2: 0000 0000 00000000
[    7301.228004] /dev/input/event2: 0003 0035 00000362
[    7301.228004] /dev/input/event2: 0003 0036 000006ab
[    7301.228004] /dev/input/event2: 0003 003a 00000037
[    7301.228004] /dev/input/event2: 0000 0000 00000000
[    7301.236399] /dev/input/event2: 0003 0035 00000327
[    7301.236399] /dev/input/event2: 0003 0036 0000067a
[    7301.236399] /dev/input/event2: 0000 0000 00000000
[    7301.244937] /dev/input/event2: 0003 0035 000002e3
[    7301.244937] /dev/input/event2: 0003 0036 00000638
[    7301.244937] /dev/input/event2: 0000 0000 00000000
[    7301.253421] /dev/input/event2: 0003 0035 00000298
[    7301.253421] /dev/input/event2: 0003 0036 000005e7
[    7301.253421] /dev/input/event2: 0003 003a 00000036
[    7301.253421] /dev/input/event2: 0000 0000 00000000
[    7301.261861] /dev/input/event2: 0003 0035 0000024e
[    7301.261861] /dev/input/event2: 0003 0036 00000588
[    7301.261861] /dev/input/event2: 0003 0031 00000003
[    7301.261861] /dev/input/event2: 0003 003a 00000034
[    7301.261861] /dev/input/event2: 0000 0000 00000000
[    7301.270459] /dev/input/event2: 0003 0035 0000020c
[    7301.270459] /dev/input/event2: 0003 0036 0000052e
[    7301.270459] /dev/input/event2: 0003 0031 00000004
[    7301.270459] /dev/input/event2: 0003 003a 00000036
[    7301.270459] /dev/input/event2: 0000 0000 00000000
[    7301.278924] /dev/input/event2: 0003 0035 000001ca
[    7301.278924] /dev/input/event2: 0003 0036 000004d3
[    7301.278924] /dev/input/event2: 0003 003a 00000034
[    7301.278924] /dev/input/event2: 0000 0000 00000000
[    7301.287337] /dev/input/event2: 0003 0035 00000190
[    7301.287337] /dev/input/event2: 0003 0036 0000047e
[    7301.287337] /dev/input/event2: 0003 003a 00000033
[    7301.287337] /dev/input/event2: 0000 0000 00000000
[    7301.295761] /dev/input/event2: 0003 0035 00000151
[    7301.295761] /dev/input/event2: 0003 0036 00000417
[    7301.295761] /dev/input/event2: 0003 003a 00000034
[    7301.295761] /dev/input/event2: 0000 0000 00000000
[    7301.304272] /dev/input/event2: 0003 0035 00000119
[    7301.304272] /dev/input/event2: 0003 0036 000003b6
[    7301.304272] /dev/input/event2: 0003 003a 00000032
[    7301.304272] /dev/input/event2: 0000 0000 00000000
[    7301.312721] /dev/input/event2: 0003 0035 000000e8
[    7301.312721] /dev/input/event2: 0003 0036 0000034e
[    7301.312721] /dev/input/event2: 0003 0031 00000003
[    7301.312721] /dev/input/event2: 0003 003a 00000026
[    7301.312721] /dev/input/event2: 0000 0000 00000000
[    7301.321055] /dev/input/event2: 0003 0039 ffffffff
[    7301.321055] /dev/input/event2: 0000 0000 00000000
