[   45758.478213] /dev/input/event2: 0003 0039 0000024a
[   45758.478213] /dev/input/event2: 0003 0035 00000229
[   45758.478213] /dev/input/event2: 0003 0036 000006c2
[   45758.478213] /dev/input/event2: 0003 0031 00000003
[   45758.478213] /dev/input/event2: 0003 003a 0000002f
[   45758.478213] /dev/input/event2: 0000 0000 00000000
[   45758.494935] /dev/input/event2: 0003 0031 00000004
[   45758.494935] /dev/input/event2: 0003 003a 0000003c
[   45758.494935] /dev/input/event2: 0000 0000 00000000
[   45758.503406] /dev/input/event2: 0003 003a 0000003b
[   45758.503406] /dev/input/event2: 0000 0000 00000000
[   45758.511857] /dev/input/event2: 0003 0035 00000228
[   45758.511857] /dev/input/event2: 0003 0036 000006c1
[   45758.511857] /dev/input/event2: 0003 003a 0000003d
[   45758.511857] /dev/input/event2: 0000 0000 00000000
[   45758.520347] /dev/input/event2: 0003 0035 00000227
[   45758.520347] /dev/input/event2: 0003 0036 000006be
[   45758.520347] /dev/input/event2: 0003 0031 00000003
[   45758.520347] /dev/input/event2: 0000 0000 00000000
[   45758.528829] /dev/input/event2: 0003 0035 00000225
[   45758.528829] /dev/input/event2: 0003 0036 000006b7
[   45758.528829] /dev/input/event2: 0003 0031 00000004
[   45758.528829] /dev/input/event2: 0003 003a 0000003c
[   45758.528829] /dev/input/event2: 0000 0000 00000000
[   45758.536436] /dev/input/event2: 0003 0035 00000221
[   45758.536436] /dev/input/event2: 0003 0036 000006aa
[   45758.536436] /dev/input/event2: 0003 003a 00000036
[   45758.536436] /dev/input/event2: 0000 0000 00000000
[   45758.544936] /dev/input/event2: 0003 0035 0000021c
[   45758.544936] /dev/input/event2: 0003 0036 00000698
[   45758.544936] /dev/input/event2: 0000 0000 00000000
[   45758.553425] /dev/input/event2: 0003 0035 00000216
[   45758.553425] /dev/input/event2: 0003 0036 00000684
[   45758.553425] /dev/input/event2: 0000 0000 00000000
[   45758.561904] /dev/input/event2: 0003 0035 00000210
[   45758.561904] /dev/input/event2: 0003 0036 0000066d
[   45758.561904] /dev/input/event2: 0003 003a 00000037
[   45758.561904] /dev/input/event2: 0000 0000 00000000
[   45758.570329] /dev/input/event2: 0003 0035 0000020a
[   45758.570329] /dev/input/event2: 0003 0036 00000654
[   45758.570329] /dev/input/event2: 0000 0000 00000000
[   45758.578866] /dev/input/event2: 0003 0035 00000205
[   45758.578866] /dev/input/event2: 0003 0036 0000063b
[   45758.578866] /dev/input/event2: 0000 0000 00000000
[   45758.587309] /dev/input/event2: 0003 0035 00000201
[   45758.587309] /dev/input/event2: 0003 0036 00000621
[   45758.587309] /dev/input/event2: 0000 0000 00000000
[   45758.595797] /dev/input/event2: 0003 0035 00000200
[   45758.595797] /dev/input/event2: 0003 0036 00000608
[   45758.595797] /dev/input/event2: 0000 0000 00000000
[   45758.604216] /dev/input/event2: 0003 0035 00000201
[   45758.604216] /dev/input/event2: 0003 0036 000005f1
[   45758.604216] /dev/input/event2: 0003 003a 00000036
[   45758.604216] /dev/input/event2: 0000 0000 00000000
[   45758.612801] /dev/input/event2: 0003 0035 00000204
[   45758.612801] /dev/input/event2: 0003 0036 000005da
[   45758.612801] /dev/input/event2: 0000 0000 00000000
[   45758.621987] /dev/input/event2: 0003 0035 00000209
[   45758.621987] /dev/input/event2: 0003 0036 000005c5
[   45758.621987] /dev/input/event2: 0003 003a 0000003d
[   45758.621987] /dev/input/event2: 0000 0000 00000000
[   45758.630533] /dev/input/event2: 0003 0035 00000210
[   45758.630533] /dev/input/event2: 0003 0036 000005b2
[   45758.630533] /dev/input/event2: 0000 0000 00000000
[   45758.639090] /dev/input/event2: 0003 0035 00000219
[   45758.639090] /dev/input/event2: 0003 0036 000005a1
[   45758.639090] /dev/input/event2: 0000 0000 00000000
[   45758.647940] /dev/input/event2: 0003 0035 00000223
[   45758.647940] /dev/input/event2: 0003 0036 00000593
[   45758.647940] /dev/input/event2: 0003 003a 0000003f
[   45758.647940] /dev/input/event2: 0000 0000 00000000
[   45758.655879] /dev/input/event2: 0003 0035 0000022d
[   45758.655879] /dev/input/event2: 0003 0036 00000588
[   45758.655879] /dev/input/event2: 0003 003a 0000003e
[   45758.655879] /dev/input/event2: 0000 0000 00000000
[   45758.663727] /dev/input/event2: 0003 0035 0000023e
[   45758.663727] /dev/input/event2: 0003 0036 0000057c
[   45758.663727] /dev/input/event2: 0003 003a 00000038
[   45758.663727] /dev/input/event2: 0000 0000 00000000
[   45758.671947] /dev/input/event2: 0003 0035 00000252
[   45758.671947] /dev/input/event2: 0003 0036 00000573
[   45758.671947] /dev/input/event2: 0000 0000 00000000
[   45758.680545] /dev/input/event2: 0003 0035 00000269
[   45758.680545] /dev/input/event2: 0003 0036 0000056e
[   45758.680545] /dev/input/event2: 0000 0000 00000000
[   45758.688938] /dev/input/event2: 0003 0035 00000285
[   45758.688938] /dev/input/event2: 0003 0036 0000056f
[   45758.688938] /dev/input/event2: 0000 0000 00000000
[   45758.697506] /dev/input/event2: 0003 0035 0000029f
[   45758.697506] /dev/input/event2: 0003 0036 00000576
[   45758.697506] /dev/input/event2: 0000 0000 00000000
[   45758.705907] /dev/input/event2: 0003 0035 000002bc
[   45758.705907] /dev/input/event2: 0003 0036 00000583
[   45758.705907] /dev/input/event2: 0003 003a 00000039
[   45758.705907] /dev/input/event2: 0000 0000 00000000
[   45758.714427] /dev/input/event2: 0003 0035 000002d6
[   45758.714427] /dev/input/event2: 0003 0036 00000595
[   45758.714427] /dev/input/event2: 0003 003a 00000038
[   45758.714427] /dev/input/event2: 0000 0000 00000000
[   45758.722895] /dev/input/event2: 0003 0035 000002ee
[   45758.722895] /dev/input/event2: 0003 0036 000005aa
[   45758.722895] /dev/input/event2: 0003 003a 00000039
[   45758.722895] /dev/input/event2: 0000 0000 00000000
[   45758.731456] /dev/input/event2: 0003 0035 00000307
[   45758.731456] /dev/input/event2: 0003 0036 000005c5
[   45758.731456] /dev/input/event2: 0000 0000 00000000
[   45758.739807] /dev/input/event2: 0003 0035 00000320
[   45758.739807] /dev/input/event2: 0003 0036 000005e4
[   45758.739807] /dev/input/event2: 0000 0000 00000000
[   45758.748332] /dev/input/event2: 0003 0035 00000336
[   45758.748332] /dev/input/event2: 0003 0036 00000604
[   45758.748332] /dev/input/event2: 0003 003a 0000003a
[   45758.748332] /dev/input/event2: 0000 0000 00000000
[   45758.756716] /dev/input/event2: 0003 0035 00000347
[   45758.756716] /dev/input/event2: 0003 0036 00000623
[   45758.756716] /dev/input/event2: 0000 0000 00000000
[   45758.765429] /dev/input/event2: 0003 0035 00000354
[   45758.765429] /dev/input/event2: 0003 0036 0000063d
[   45758.765429] /dev/input/event2: 0000 0000 00000000
[   45758.773802] /dev/input/event2: 0003 0035 0000035d
[   45758.773802] /dev/input/event2: 0003 0036 00000655
[   45758.773802] /dev/input/event2: 0000 0000 00000000
[   45758.782999] /dev/input/event2: 0003 0035 00000363
[   45758.782999] /dev/input/event2: 0003 0036 00000667
[   45758.782999] /dev/input/event2: 0003 003a 00000042
[   45758.782999] /dev/input/event2: 0000 0000 00000000
[   45758.791433] /dev/input/event2: 0003 0035 00000366
[   45758.791433] /dev/input/event2: 0003 0036 00000676
[   45758.791433] /dev/input/event2: 0000 0000 00000000
[   45758.799928] /dev/input/event2: 0003 0035 00000367
[   45758.799928] /dev/input/event2: 0003 0036 00000681
[   45758.799928] /dev/input/event2: 0000 0000 00000000
[   45758.808447] /dev/input/event2: 0003 0035 00000366
[   45758.808447] /dev/input/event2: 0003 0036 00000689
[   45758.808447] /dev/input/event2: 0003 003a 00000041
[   45758.808447] /dev/input/event2: 0000 0000 00000000
[   45758.816711] /dev/input/event2: 0003 0035 00000363
[   45758.816711] /dev/input/event2: 0003 0036 0000068e
[   45758.816711] /dev/input/event2: 0003 003a 00000040
[   45758.816711] /dev/input/event2: 0000 0000 00000000
[   45758.825320] /dev/input/event2: 0003 0035 0000035d
[   45758.825320] /dev/input/event2: 0003 0036 00000691
[   45758.825320] /dev/input/event2: 0003 003a 0000003f
[   45758.825320] /dev/input/event2: 0000 0000 00000000
[   45758.833152] /dev/input/event2: 0003 0035 00000353
[   45758.833152] /dev/input/event2: 0003 0036 00000690
[   45758.833152] /dev/input/event2: 0003 003a 00000038
[   45758.833152] /dev/input/event2: 0000 0000 00000000
[   45758.841452] /dev/input/event2: 0003 0035 00000341
[   45758.841452] /dev/input/event2: 0003 0036 00000689
[   45758.841452] /dev/input/event2: 0003 003a 00000037
[   45758.841452] /dev/input/event2: 0000 0000 00000000
[   45758.849977] /dev/input/event2: 0003 0035 0000032c
[   45758.849977] /dev/input/event2: 0003 0036 0000067a
[   45758.849977] /dev/input/event2: 0000 0000 00000000
[   45758.858407] /dev/input/event2: 0003 0035 00000317
[   45758.858407] /dev/input/event2: 0003 0036 00000665
[   45758.858407] /dev/input/event2: 0003 003a 00000038
[   45758.858407] /dev/input/event2: 0000 0000 00000000
[   45758.866946] /dev/input/event2: 0003 0035 000002fd
[   45758.866946] /dev/input/event2: 0003 0036 00000646
[   45758.866946] /dev/input/event2: 0003 003a 00000037
[   45758.866946] /dev/input/event2: 0000 0000 00000000
[   45758.875415] /dev/input/event2: 0003 0035 000002e5
[   45758.875415] /dev/input/event2: 0003 0036 00000623
[   45758.875415] /dev/input/event2: 0000 0000 00000000
[   45758.883807] /dev/input/event2: 0003 0035 000002d1
[   45758.883807] /dev/input/event2: 0003 0036 000005fc
[   45758.883807] /dev/input/event2: 0003 003a 00000036
[   45758.883807] /dev/input/event2: 0000 0000 00000000
[   45758.892295] /dev/input/event2: 0003 0035 000002c4
[   45758.892295] /dev/input/event2: 0003 0036 000005da
[   45758.892295] /dev/input/event2: 0000 0000 00000000
[   45758.900776] /dev/input/event2: 0003 0035 000002bd
[   45758.900776] /dev/input/event2: 0003 0036 000005bc
[   45758.900776] /dev/input/event2: 0000 0000 00000000
[   45758.909266] /dev/input/event2: 0003 0035 000002bb
[   45758.909266] /dev/input/event2: 0003 0036 000005a0
[   45758.909266] /dev/input/event2: 0003 003a 00000037
[   45758.909266] /dev/input/event2: 0000 0000 00000000
[   45758.917739] /dev/input/event2: 0003 0035 000002bd
[   45758.917739] /dev/input/event2: 0003 0036 00000589
[   45758.917739] /dev/input/event2: 0000 0000 00000000
[   45758.926906] /dev/input/event2: 0003 0035 000002c2
[   45758.926906] /dev/input/event2: 0003 0036 00000577
[   45758.926906] /dev/input/event2: 0003 003a 0000003e
[   45758.926906] /dev/input/event2: 0000 0000 00000000
[   45758.935500] /dev/input/event2: 0003 0035 000002c8
[   45758.935500] /dev/input/event2: 0003 0036 0000056a
[   45758.935500] /dev/input/event2: 0000 0000 00000000
[   45758.943957] /dev/input/event2: 0003 0035 000002ce
[   45758.943957] /dev/input/event2: 0003 0036 00000562
[   45758.943957] /dev/input/event2: 0000 0000 00000000
[   45758.952283] /dev/input/event2: 0003 0035 000002d8
[   45758.952283] /dev/input/event2: 0003 0036 0000055b
[   45758.952283] /dev/input/event2: 0003 003a 0000003f
[   45758.952283] /dev/input/event2: 0000 0000 00000000
[   45758.960976] /dev/input/event2: 0003 0035 000002e7
[   45758.960976] /dev/input/event2: 0003 0036 00000558
[   45758.960976] /dev/input/event2: 0000 0000 00000000
[   45758.968613] /dev/input/event2: 0003 0035 000002f6
[   45758.968613] /dev/input/event2: 0003 0036 00000559
[   45758.968613] /dev/input/event2: 0003 003a 00000038
[   45758.968613] /dev/input/event2: 0000 0000 00000000
[   45758.977027] /dev/input/event2: 0003 0035 00000307
[   45758.977027] /dev/input/event2: 0003 0036 00000560
[   45758.977027] /dev/input/event2: 0003 003a 00000039
[   45758.977027] /dev/input/event2: 0000 0000 00000000
[   45758.985574] /dev/input/event2: 0003 0035 0000031b
[   45758.985574] /dev/input/event2: 0003 0036 0000056e
[   45758.985574] /dev/input/event2: 0003 003a 00000038
[   45758.985574] /dev/input/event2: 0000 0000 00000000
[   45758.994031] /dev/input/event2: 0003 0035 0000032d
[   45758.994031] /dev/input/event2: 0003 0036 0000057f
[   45758.994031] /dev/input/event2: 0000 0000 00000000
[   45759.002579] /dev/input/event2: 0003 0035 00000341
[   45759.002579] /dev/input/event2: 0003 0036 0000059b
[   45759.002579] /dev/input/event2: 0000 0000 00000000
[   45759.011092] /dev/input/event2: 0003 0035 00000352
[   45759.011092] /dev/input/event2: 0003 0036 000005b9
[   45759.011092] /dev/input/event2: 0003 003a 00000039
[   45759.011092] /dev/input/event2: 0000 0000 00000000
[   45759.019479] /dev/input/event2: 0003 0035 00000361
[   45759.019479] /dev/input/event2: 0003 0036 000005da
[   45759.019479] /dev/input/event2: 0000 0000 00000000
[   45759.027906] /dev/input/event2: 0003 0035 0000036c
[   45759.027906] /dev/input/event2: 0003 0036 000005f7
[   45759.027906] /dev/input/event2: 0000 0000 00000000
[   45759.036466] /dev/input/event2: 0003 0035 00000373
[   45759.036466] /dev/input/event2: 0003 0036 00000611
[   45759.036466] /dev/input/event2: 0003 003a 0000003a
[   45759.036466] /dev/input/event2: 0000 0000 00000000
[   45759.045575] /dev/input/event2: 0003 0035 00000377
[   45759.045575] /dev/input/event2: 0003 0036 00000625
[   45759.045575] /dev/input/event2: 0003 003a 00000041
[   45759.045575] /dev/input/event2: 0000 0000 00000000
[   45759.054165] /dev/input/event2: 0003 0035 00000378
[   45759.054165] /dev/input/event2: 0003 0036 00000635
[   45759.054165] /dev/input/event2: 0000 0000 00000000
[   45759.062640] /dev/input/event2: 0003 0035 00000377
[   45759.062640] /dev/input/event2: 0003 0036 00000641
[   45759.062640] /dev/input/event2: 0000 0000 00000000
[   45759.071133] /dev/input/event2: 0003 0035 00000374
[   45759.071133] /dev/input/event2: 0003 0036 00000649
[   45759.071133] /dev/input/event2: 0003 003a 00000040
[   45759.071133] /dev/input/event2: 0000 0000 00000000
[   45759.079592] /dev/input/event2: 0003 0035 00000370
[   45759.079592] /dev/input/event2: 0003 0036 0000064e
[   45759.079592] /dev/input/event2: 0003 003a 0000003f
[   45759.079592] /dev/input/event2: 0000 0000 00000000
[   45759.087845] /dev/input/event2: 0003 0035 0000036a
[   45759.087845] /dev/input/event2: 0003 0036 00000651
[   45759.087845] /dev/input/event2: 0003 003a 0000003e
[   45759.087845] /dev/input/event2: 0000 0000 00000000
[   45759.096521] /dev/input/event2: 0003 0035 0000035e
[   45759.096521] /dev/input/event2: 0003 0036 00000650
[   45759.096521] /dev/input/event2: 0000 0000 00000000
[   45759.104151] /dev/input/event2: 0003 0035 0000034f
[   45759.104151] /dev/input/event2: 0003 0036 0000064a
[   45759.104151] /dev/input/event2: 0003 003a 00000038
[   45759.104151] /dev/input/event2: 0000 0000 00000000
[   45759.112691] /dev/input/event2: 0003 0035 00000339
[   45759.112691] /dev/input/event2: 0003 0036 0000063c
[   45759.112691] /dev/input/event2: 0000 0000 00000000
[   45759.121077] /dev/input/event2: 0003 0035 00000324
[   45759.121077] /dev/input/event2: 0003 0036 00000629
[   45759.121077] /dev/input/event2: 0003 003a 00000037
[   45759.121077] /dev/input/event2: 0000 0000 00000000
[   45759.129604] /dev/input/event2: 0003 0035 0000030f
[   45759.129604] /dev/input/event2: 0003 0036 00000610
[   45759.129604] /dev/input/event2: 0000 0000 00000000
[   45759.138052] /dev/input/event2: 0003 0035 000002fb
[   45759.138052] /dev/input/event2: 0003 0036 000005f3
[   45759.138052] /dev/input/event2: 0000 0000 00000000
[   45759.146540] /dev/input/event2: 0003 0035 000002eb
[   45759.146540] /dev/input/event2: 0003 0036 000005d8
[   45759.146540] /dev/input/event2: 0000 0000 00000000
[   45759.154935] /dev/input/event2: 0003 0035 000002df
[   45759.154935] /dev/input/event2: 0003 0036 000005bd
[   45759.154935] /dev/input/event2: 0000 0000 00000000
[   45759.163457] /dev/input/event2: 0003 0035 000002d8
[   45759.163457] /dev/input/event2: 0003 0036 000005a5
[   45759.163457] /dev/input/event2: 0000 0000 00000000
[   45759.171973] /dev/input/event2: 0003 0035 000002d5
[   45759.171973] /dev/input/event2: 0003 0036 00000592
[   45759.171973] /dev/input/event2: 0000 0000 00000000
[   45759.181198] /dev/input/event2: 0003 0036 00000582
[   45759.181198] /dev/input/event2: 0003 003a 0000003e
[   45759.181198] /dev/input/event2: 0000 0000 00000000
[   45759.189726] /dev/input/event2: 0003 0035 000002d7
[   45759.189726] /dev/input/event2: 0003 0036 00000574
[   45759.189726] /dev/input/event2: 0000 0000 00000000
[   45759.198216] /dev/input/event2: 0003 0035 000002db
[   45759.198216] /dev/input/event2: 0003 0036 00000569
[   45759.198216] /dev/input/event2: 0000 0000 00000000
[   45759.206507] /dev/input/event2: 0003 0035 000002e0
[   45759.206507] /dev/input/event2: 0003 0036 00000562
[   45759.206507] /dev/input/event2: 0000 0000 00000000
[   45759.217951] /dev/input/event2: 0003 0035 000002e8
[   45759.217951] /dev/input/event2: 0003 0036 0000055c
[   45759.217951] /dev/input/event2: 0000 0000 00000000
[   45759.223641] /dev/input/event2: 0003 0035 000002f5
[   45759.223641] /dev/input/event2: 0003 0036 00000558
[   45759.223641] /dev/input/event2: 0000 0000 00000000
[   45759.234189] /dev/input/event2: 0003 0035 00000304
[   45759.234189] /dev/input/event2: 0003 0036 00000559
[   45759.234189] /dev/input/event2: 0000 0000 00000000
[   45759.239730] /dev/input/event2: 0003 0035 00000319
[   45759.239730] /dev/input/event2: 0003 0036 00000560
[   45759.239730] /dev/input/event2: 0003 003a 00000038
[   45759.239730] /dev/input/event2: 0000 0000 00000000
[   45759.248196] /dev/input/event2: 0003 0035 0000032f
[   45759.248196] /dev/input/event2: 0003 0036 0000056d
[   45759.248196] /dev/input/event2: 0000 0000 00000000
[   45759.256751] /dev/input/event2: 0003 0035 00000341
[   45759.256751] /dev/input/event2: 0003 0036 0000057c
[   45759.256751] /dev/input/event2: 0000 0000 00000000
[   45759.265266] /dev/input/event2: 0003 0035 00000355
[   45759.265266] /dev/input/event2: 0003 0036 00000594
[   45759.265266] /dev/input/event2: 0000 0000 00000000
[   45759.273673] /dev/input/event2: 0003 0035 0000036b
[   45759.273673] /dev/input/event2: 0003 0036 000005b2
[   45759.273673] /dev/input/event2: 0000 0000 00000000
[   45759.282195] /dev/input/event2: 0003 0035 0000037f
[   45759.282195] /dev/input/event2: 0003 0036 000005d5
[   45759.282195] /dev/input/event2: 0000 0000 00000000
[   45759.290579] /dev/input/event2: 0003 0035 0000038e
[   45759.290579] /dev/input/event2: 0003 0036 000005f8
[   45759.290579] /dev/input/event2: 0003 003a 00000039
[   45759.290579] /dev/input/event2: 0000 0000 00000000
[   45759.299187] /dev/input/event2: 0003 0035 00000398
[   45759.299187] /dev/input/event2: 0003 0036 00000618
[   45759.299187] /dev/input/event2: 0000 0000 00000000
[   45759.307553] /dev/input/event2: 0003 0035 0000039e
[   45759.307553] /dev/input/event2: 0003 0036 00000639
[   45759.307553] /dev/input/event2: 0000 0000 00000000
[   45759.316160] /dev/input/event2: 0003 0035 000003a1
[   45759.316160] /dev/input/event2: 0003 0036 00000653
[   45759.316160] /dev/input/event2: 0000 0000 00000000
[   45759.324541] /dev/input/event2: 0003 0035 000003a0
[   45759.324541] /dev/input/event2: 0003 0036 00000669
[   45759.324541] /dev/input/event2: 0000 0000 00000000
[   45759.333835] /dev/input/event2: 0003 0035 0000039d
[   45759.333835] /dev/input/event2: 0003 0036 0000067a
[   45759.333835] /dev/input/event2: 0003 003a 00000040
[   45759.333835] /dev/input/event2: 0000 0000 00000000
[   45759.342129] /dev/input/event2: 0003 0035 00000397
[   45759.342129] /dev/input/event2: 0003 0036 00000686
[   45759.342129] /dev/input/event2: 0000 0000 00000000
[   45759.350648] /dev/input/event2: 0003 0035 00000390
[   45759.350648] /dev/input/event2: 0003 0036 0000068e
[   45759.350648] /dev/input/event2: 0000 0000 00000000
[   45759.359204] /dev/input/event2: 0003 0035 00000387
[   45759.359204] /dev/input/event2: 0003 0036 00000694
[   45759.359204] /dev/input/event2: 0000 0000 00000000
[   45759.367760] /dev/input/event2: 0003 0035 00000378
[   45759.367760] /dev/input/event2: 0003 0036 00000698
[   45759.367760] /dev/input/event2: 0003 003a 0000003e
[   45759.367760] /dev/input/event2: 0000 0000 00000000
[   45759.376199] /dev/input/event2: 0003 0035 00000361
[   45759.376199] /dev/input/event2: 0003 0036 00000696
[   45759.376199] /dev/input/event2: 0003 003a 0000003d
[   45759.376199] /dev/input/event2: 0000 0000 00000000
[   45759.383835] /dev/input/event2: 0003 0035 00000347
[   45759.383835] /dev/input/event2: 0003 0036 0000068b
[   45759.383835] /dev/input/event2: 0003 003a 00000037
[   45759.383835] /dev/input/event2: 0000 0000 00000000
[   45759.392395] /dev/input/event2: 0003 0035 00000323
[   45759.392395] /dev/input/event2: 0003 0036 00000675
[   45759.392395] /dev/input/event2: 0000 0000 00000000
[   45759.400762] /dev/input/event2: 0003 0035 000002ff
[   45759.400762] /dev/input/event2: 0003 0036 00000656
[   45759.400762] /dev/input/event2: 0000 0000 00000000
[   45759.409202] /dev/input/event2: 0003 0035 000002d1
[   45759.409202] /dev/input/event2: 0003 0036 00000626
[   45759.409202] /dev/input/event2: 0000 0000 00000000
[   45759.417739] /dev/input/event2: 0003 0035 0000029d
[   45759.417739] /dev/input/event2: 0003 0036 000005eb
[   45759.417739] /dev/input/event2: 0000 0000 00000000
[   45759.426153] /dev/input/event2: 0003 0035 00000269
[   45759.426153] /dev/input/event2: 0003 0036 000005a1
[   45759.426153] /dev/input/event2: 0003 003a 00000035
[   45759.426153] /dev/input/event2: 0000 0000 00000000
[   45759.434629] /dev/input/event2: 0003 0035 00000238
[   45759.434629] /dev/input/event2: 0003 0036 00000555
[   45759.434629] /dev/input/event2: 0000 0000 00000000
[   45759.443195] /dev/input/event2: 0003 0035 00000203
[   45759.443195] /dev/input/event2: 0003 0036 0000050b
[   45759.443195] /dev/input/event2: 0000 0000 00000000
[   45759.451562] /dev/input/event2: 0003 0035 000001cd
[   45759.451562] /dev/input/event2: 0003 0036 000004b8
[   45759.451562] /dev/input/event2: 0000 0000 00000000
[   45759.460100] /dev/input/event2: 0003 0035 0000019e
[   45759.460100] /dev/input/event2: 0003 0036 00000462
[   45759.460100] /dev/input/event2: 0003 003a 00000034
[   45759.460100] /dev/input/event2: 0000 0000 00000000
[   45759.468548] /dev/input/event2: 0003 0035 0000016e
[   45759.468548] /dev/input/event2: 0003 0036 00000412
[   45759.468548] /dev/input/event2: 0003 003a 00000035
[   45759.468548] /dev/input/event2: 0000 0000 00000000
[   45759.477033] /dev/input/event2: 0003 0035 0000013a
[   45759.477033] /dev/input/event2: 0003 0036 000003c3
[   45759.477033] /dev/input/event2: 0003 003a 00000034
[   45759.477033] /dev/input/event2: 0000 0000 00000000
[   45759.485526] /dev/input/event2: 0003 0035 00000108
[   45759.485526] /dev/input/event2: 0003 0036 00000370
[   45759.485526] /dev/input/event2: 0003 003a 00000033
[   45759.485526] /dev/input/event2: 0000 0000 00000000
[   45759.493972] /dev/input/event2: 0003 0035 000000d6
[   45759.493972] /dev/input/event2: 0003 0036 0000031c
[   45759.493972] /dev/input/event2: 0003 003a 00000031
[   45759.493972] /dev/input/event2: 0000 0000 00000000
[   45759.502508] /dev/input/event2: 0003 0035 000000a6
[   45759.502508] /dev/input/event2: 0003 0036 000002d8
[   45759.502508] /dev/input/event2: 0003 003a 0000002d
[   45759.502508] /dev/input/event2: 0000 0000 00000000
[   45759.510702] /dev/input/event2: 0003 0039 ffffffff
[   45759.510702] /dev/input/event2: 0000 0000 00000000
