[   57238.285870] /dev/input/event2: 0003 0039 00000cae
[   57238.285870] /dev/input/event2: 0003 0035 00000233
[   57238.285870] /dev/input/event2: 0003 0036 000006b7
[   57238.285870] /dev/input/event2: 0003 0031 00000004
[   57238.285870] /dev/input/event2: 0003 003a 00000038
[   57238.285870] /dev/input/event2: 0000 0000 00000000
[   57238.302618] /dev/input/event2: 0003 003a 0000003d
[   57238.302618] /dev/input/event2: 0000 0000 00000000
[   57238.319638] /dev/input/event2: 0003 003a 0000003c
[   57238.319638] /dev/input/event2: 0000 0000 00000000
[   57238.328282] /dev/input/event2: 0003 0035 00000232
[   57238.328282] /dev/input/event2: 0003 0036 000006b6
[   57238.328282] /dev/input/event2: 0003 0031 00000003
[   57238.328282] /dev/input/event2: 0000 0000 00000000
[   57238.336818] /dev/input/event2: 0003 0035 00000230
[   57238.336818] /dev/input/event2: 0003 0036 000006b2
[   57238.336818] /dev/input/event2: 0003 0031 00000004
[   57238.336818] /dev/input/event2: 0000 0000 00000000
[   57238.345272] /dev/input/event2: 0003 0035 0000022d
[   57238.345272] /dev/input/event2: 0003 0036 000006a9
[   57238.345272] /dev/input/event2: 0000 0000 00000000
[   57238.353012] /dev/input/event2: 0003 0035 00000228
[   57238.353012] /dev/input/event2: 0003 0036 00000699
[   57238.353012] /dev/input/event2: 0003 0031 00000003
[   57238.353012] /dev/input/event2: 0003 003a 00000036
[   57238.353012] /dev/input/event2: 0000 0000 00000000
[   57238.361609] /dev/input/event2: 0003 0035 00000223
[   57238.361609] /dev/input/event2: 0003 0036 00000684
[   57238.361609] /dev/input/event2: 0003 0031 00000004
[   57238.361609] /dev/input/event2: 0000 0000 00000000
[   57238.370173] /dev/input/event2: 0003 0035 0000021d
[   57238.370173] /dev/input/event2: 0003 0036 0000066c
[   57238.370173] /dev/input/event2: 0003 003a 00000037
[   57238.370173] /dev/input/event2: 0000 0000 00000000
[   57238.378631] /dev/input/event2: 0003 0035 00000218
[   57238.378631] /dev/input/event2: 0003 0036 00000652
[   57238.378631] /dev/input/event2: 0000 0000 00000000
[   57238.387131] /dev/input/event2: 0003 0035 00000215
[   57238.387131] /dev/input/event2: 0003 0036 0000063a
[   57238.387131] /dev/input/event2: 0000 0000 00000000
[   57238.395779] /dev/input/event2: 0003 0036 00000623
[   57238.395779] /dev/input/event2: 0000 0000 00000000
[   57238.404179] /dev/input/event2: 0003 0035 00000218
[   57238.404179] /dev/input/event2: 0003 0036 0000060d
[   57238.404179] /dev/input/event2: 0000 0000 00000000
[   57238.413476] /dev/input/event2: 0003 0035 00000221
[   57238.413476] /dev/input/event2: 0003 0036 000005f7
[   57238.413476] /dev/input/event2: 0003 003a 0000003b
[   57238.413476] /dev/input/event2: 0000 0000 00000000
[   57238.421273] /dev/input/event2: 0003 0035 0000022e
[   57238.421273] /dev/input/event2: 0003 0036 000005e4
[   57238.421273] /dev/input/event2: 0003 003a 00000037
[   57238.421273] /dev/input/event2: 0000 0000 00000000
[   57238.429868] /dev/input/event2: 0003 0035 0000023f
[   57238.429868] /dev/input/event2: 0003 0036 000005d2
[   57238.429868] /dev/input/event2: 0000 0000 00000000
[   57238.438345] /dev/input/event2: 0003 0035 00000259
[   57238.438345] /dev/input/event2: 0003 0036 000005c0
[   57238.438345] /dev/input/event2: 0000 0000 00000000
[   57238.446797] /dev/input/event2: 0003 0035 0000027f
[   57238.446797] /dev/input/event2: 0003 0036 000005af
[   57238.446797] /dev/input/event2: 0003 003a 00000038
[   57238.446797] /dev/input/event2: 0000 0000 00000000
[   57238.455305] /dev/input/event2: 0003 0035 000002a7
[   57238.455305] /dev/input/event2: 0003 0036 000005a6
[   57238.455305] /dev/input/event2: 0003 003a 00000039
[   57238.455305] /dev/input/event2: 0000 0000 00000000
[   57238.463924] /dev/input/event2: 0003 0035 000002ce
[   57238.463924] /dev/input/event2: 0003 0036 000005a3
[   57238.463924] /dev/input/event2: 0000 0000 00000000
[   57238.472546] /dev/input/event2: 0003 0035 000002f5
[   57238.472546] /dev/input/event2: 0003 0036 000005a5
[   57238.472546] /dev/input/event2: 0000 0000 00000000
[   57238.481072] /dev/input/event2: 0003 0035 00000315
[   57238.481072] /dev/input/event2: 0003 0036 000005ac
[   57238.481072] /dev/input/event2: 0000 0000 00000000
[   57238.489584] /dev/input/event2: 0003 0035 00000331
[   57238.489584] /dev/input/event2: 0003 0036 000005b9
[   57238.489584] /dev/input/event2: 0003 003a 0000003a
[   57238.489584] /dev/input/event2: 0000 0000 00000000
[   57238.498104] /dev/input/event2: 0003 0035 0000034b
[   57238.498104] /dev/input/event2: 0003 0036 000005c7
[   57238.498104] /dev/input/event2: 0000 0000 00000000
[   57238.506620] /dev/input/event2: 0003 0035 00000360
[   57238.506620] /dev/input/event2: 0003 0036 000005d7
[   57238.506620] /dev/input/event2: 0000 0000 00000000
[   57238.515163] /dev/input/event2: 0003 0035 00000371
[   57238.515163] /dev/input/event2: 0003 0036 000005ea
[   57238.515163] /dev/input/event2: 0000 0000 00000000
[   57238.523614] /dev/input/event2: 0003 0035 00000382
[   57238.523614] /dev/input/event2: 0003 0036 00000604
[   57238.523614] /dev/input/event2: 0000 0000 00000000
[   57238.532117] /dev/input/event2: 0003 0035 00000390
[   57238.532117] /dev/input/event2: 0003 0036 00000623
[   57238.532117] /dev/input/event2: 0003 003a 00000039
[   57238.532117] /dev/input/event2: 0000 0000 00000000
[   57238.540676] /dev/input/event2: 0003 0035 00000399
[   57238.540676] /dev/input/event2: 0003 0036 00000642
[   57238.540676] /dev/input/event2: 0003 003a 00000038
[   57238.540676] /dev/input/event2: 0000 0000 00000000
[   57238.549269] /dev/input/event2: 0003 0035 0000039e
[   57238.549269] /dev/input/event2: 0003 0036 00000660
[   57238.549269] /dev/input/event2: 0000 0000 00000000
[   57238.557714] /dev/input/event2: 0003 0035 000003a0
[   57238.557714] /dev/input/event2: 0003 0036 00000679
[   57238.557714] /dev/input/event2: 0000 0000 00000000
[   57238.566340] /dev/input/event2: 0003 0035 0000039f
[   57238.566340] /dev/input/event2: 0003 0036 0000068e
[   57238.566340] /dev/input/event2: 0000 0000 00000000
[   57238.575417] /dev/input/event2: 0003 0035 0000039b
[   57238.575417] /dev/input/event2: 0003 0036 000006a0
[   57238.575417] /dev/input/event2: 0003 003a 0000003f
[   57238.575417] /dev/input/event2: 0000 0000 00000000
[   57238.584461] /dev/input/event2: 0003 0035 00000395
[   57238.584461] /dev/input/event2: 0003 0036 000006ad
[   57238.584461] /dev/input/event2: 0000 0000 00000000
[   57238.592592] /dev/input/event2: 0003 0035 0000038e
[   57238.592592] /dev/input/event2: 0003 0036 000006b7
[   57238.592592] /dev/input/event2: 0000 0000 00000000
[   57238.600998] /dev/input/event2: 0003 0035 00000386
[   57238.600998] /dev/input/event2: 0003 0036 000006bd
[   57238.600998] /dev/input/event2: 0000 0000 00000000
[   57238.608952] /dev/input/event2: 0003 0035 00000375
[   57238.608952] /dev/input/event2: 0003 0036 000006c2
[   57238.608952] /dev/input/event2: 0003 003a 00000038
[   57238.608952] /dev/input/event2: 0000 0000 00000000
[   57238.618150] /dev/input/event2: 0003 0035 00000361
[   57238.618150] /dev/input/event2: 0003 0036 000006c0
[   57238.618150] /dev/input/event2: 0000 0000 00000000
[   57238.626146] /dev/input/event2: 0003 0035 00000345
[   57238.626146] /dev/input/event2: 0003 0036 000006b6
[   57238.626146] /dev/input/event2: 0003 003a 00000037
[   57238.626146] /dev/input/event2: 0000 0000 00000000
[   57238.634368] /dev/input/event2: 0003 0035 0000032b
[   57238.634368] /dev/input/event2: 0003 0036 000006a5
[   57238.634368] /dev/input/event2: 0000 0000 00000000
[   57238.643148] /dev/input/event2: 0003 0035 00000310
[   57238.643148] /dev/input/event2: 0003 0036 0000068b
[   57238.643148] /dev/input/event2: 0000 0000 00000000
[   57238.651579] /dev/input/event2: 0003 0035 000002f1
[   57238.651579] /dev/input/event2: 0003 0036 00000667
[   57238.651579] /dev/input/event2: 0003 0031 00000003
[   57238.651579] /dev/input/event2: 0000 0000 00000000
[   57238.659994] /dev/input/event2: 0003 0035 000002d6
[   57238.659994] /dev/input/event2: 0003 0036 0000063d
[   57238.659994] /dev/input/event2: 0003 0031 00000004
[   57238.659994] /dev/input/event2: 0000 0000 00000000
[   57238.668577] /dev/input/event2: 0003 0035 000002c1
[   57238.668577] /dev/input/event2: 0003 0036 00000614
[   57238.668577] /dev/input/event2: 0000 0000 00000000
[   57238.677038] /dev/input/event2: 0003 0035 000002b3
[   57238.677038] /dev/input/event2: 0003 0036 000005f3
[   57238.677038] /dev/input/event2: 0000 0000 00000000
[   57238.685591] /dev/input/event2: 0003 0035 000002ac
[   57238.685591] /dev/input/event2: 0003 0036 000005d9
[   57238.685591] /dev/input/event2: 0000 0000 00000000
[   57238.694973] /dev/input/event2: 0003 0035 000002a9
[   57238.694973] /dev/input/event2: 0003 0036 000005c7
[   57238.694973] /dev/input/event2: 0003 003a 0000003e
[   57238.694973] /dev/input/event2: 0000 0000 00000000
[   57238.703439] /dev/input/event2: 0003 0035 000002a8
[   57238.703439] /dev/input/event2: 0003 0036 000005bb
[   57238.703439] /dev/input/event2: 0003 0031 00000003
[   57238.703439] /dev/input/event2: 0000 0000 00000000
[   57238.711951] /dev/input/event2: 0003 0035 000002aa
[   57238.711951] /dev/input/event2: 0003 0036 000005b5
[   57238.711951] /dev/input/event2: 0003 0031 00000004
[   57238.711951] /dev/input/event2: 0000 0000 00000000
[   57238.719589] /dev/input/event2: 0003 0035 000002b1
[   57238.719589] /dev/input/event2: 0003 0036 000005b2
[   57238.719589] /dev/input/event2: 0003 003a 00000038
[   57238.719589] /dev/input/event2: 0000 0000 00000000
[   57238.728339] /dev/input/event2: 0003 0035 000002c1
[   57238.728339] /dev/input/event2: 0003 0036 000005b5
[   57238.728339] /dev/input/event2: 0000 0000 00000000
[   57238.736770] /dev/input/event2: 0003 0035 000002db
[   57238.736770] /dev/input/event2: 0003 0036 000005c4
[   57238.736770] /dev/input/event2: 0000 0000 00000000
[   57238.745347] /dev/input/event2: 0003 0035 000002f6
[   57238.745347] /dev/input/event2: 0003 0036 000005dd
[   57238.745347] /dev/input/event2: 0003 003a 00000039
[   57238.745347] /dev/input/event2: 0000 0000 00000000
[   57238.753828] /dev/input/event2: 0003 0035 00000316
[   57238.753828] /dev/input/event2: 0003 0036 00000600
[   57238.753828] /dev/input/event2: 0003 003a 0000003a
[   57238.753828] /dev/input/event2: 0000 0000 00000000
[   57238.762437] /dev/input/event2: 0003 0035 00000335
[   57238.762437] /dev/input/event2: 0003 0036 00000629
[   57238.762437] /dev/input/event2: 0000 0000 00000000
[   57238.770834] /dev/input/event2: 0003 0035 0000034f
[   57238.770834] /dev/input/event2: 0003 0036 00000653
[   57238.770834] /dev/input/event2: 0000 0000 00000000
[   57238.779308] /dev/input/event2: 0003 0035 00000360
[   57238.779308] /dev/input/event2: 0003 0036 00000672
[   57238.779308] /dev/input/event2: 0003 003a 00000039
[   57238.779308] /dev/input/event2: 0000 0000 00000000
[   57238.787933] /dev/input/event2: 0003 0035 0000036a
[   57238.787933] /dev/input/event2: 0003 0036 00000688
[   57238.787933] /dev/input/event2: 0000 0000 00000000
[   57238.797130] /dev/input/event2: 0003 0035 0000036f
[   57238.797130] /dev/input/event2: 0003 0036 00000697
[   57238.797130] /dev/input/event2: 0003 003a 00000041
[   57238.797130] /dev/input/event2: 0000 0000 00000000
[   57238.805707] /dev/input/event2: 0003 0035 00000370
[   57238.805707] /dev/input/event2: 0003 0036 000006a0
[   57238.805707] /dev/input/event2: 0003 003a 00000040
[   57238.805707] /dev/input/event2: 0000 0000 00000000
[   57238.814352] /dev/input/event2: 0003 0035 0000036f
[   57238.814352] /dev/input/event2: 0003 0036 000006a4
[   57238.814352] /dev/input/event2: 0000 0000 00000000
[   57238.822648] /dev/input/event2: 0003 0035 0000036b
[   57238.822648] /dev/input/event2: 0003 0036 000006a5
[   57238.822648] /dev/input/event2: 0003 003a 0000003e
[   57238.822648] /dev/input/event2: 0000 0000 00000000
[   57238.830623] /dev/input/event2: 0003 0035 00000361
[   57238.830623] /dev/input/event2: 0003 0036 000006a1
[   57238.830623] /dev/input/event2: 0003 0031 00000003
[   57238.830623] /dev/input/event2: 0003 003a 00000037
[   57238.830623] /dev/input/event2: 0000 0000 00000000
[   57238.839083] /dev/input/event2: 0003 0035 00000351
[   57238.839083] /dev/input/event2: 0003 0036 00000695
[   57238.839083] /dev/input/event2: 0003 0031 00000004
[   57238.839083] /dev/input/event2: 0000 0000 00000000
[   57238.847596] /dev/input/event2: 0003 0035 0000033a
[   57238.847596] /dev/input/event2: 0003 0036 0000067c
[   57238.847596] /dev/input/event2: 0000 0000 00000000
[   57238.856270] /dev/input/event2: 0003 0035 00000321
[   57238.856270] /dev/input/event2: 0003 0036 0000065c
[   57238.856270] /dev/input/event2: 0000 0000 00000000
[   57238.864730] /dev/input/event2: 0003 0035 0000030b
[   57238.864730] /dev/input/event2: 0003 0036 00000637
[   57238.864730] /dev/input/event2: 0000 0000 00000000
[   57238.873134] /dev/input/event2: 0003 0035 000002fb
[   57238.873134] /dev/input/event2: 0003 0036 00000616
[   57238.873134] /dev/input/event2: 0000 0000 00000000
[   57238.881629] /dev/input/event2: 0003 0035 000002f1
[   57238.881629] /dev/input/event2: 0003 0036 000005fd
[   57238.881629] /dev/input/event2: 0000 0000 00000000
[   57238.891030] /dev/input/event2: 0003 0035 000002ec
[   57238.891030] /dev/input/event2: 0003 0036 000005ec
[   57238.891030] /dev/input/event2: 0003 003a 0000003e
[   57238.891030] /dev/input/event2: 0000 0000 00000000
[   57238.899569] /dev/input/event2: 0003 0035 000002ea
[   57238.899569] /dev/input/event2: 0003 0036 000005e1
[   57238.899569] /dev/input/event2: 0003 003a 0000003f
[   57238.899569] /dev/input/event2: 0000 0000 00000000
[   57238.908105] /dev/input/event2: 0003 0036 000005da
[   57238.908105] /dev/input/event2: 0000 0000 00000000
[   57238.916477] /dev/input/event2: 0003 0035 000002eb
[   57238.916477] /dev/input/event2: 0003 0036 000005d7
[   57238.916477] /dev/input/event2: 0000 0000 00000000
[   57238.925140] /dev/input/event2: 0003 0035 000002f2
[   57238.925140] /dev/input/event2: 0003 003a 0000003e
[   57238.925140] /dev/input/event2: 0000 0000 00000000
[   57238.932981] /dev/input/event2: 0003 0035 000002fe
[   57238.932981] /dev/input/event2: 0003 0036 000005dd
[   57238.932981] /dev/input/event2: 0003 003a 00000038
[   57238.932981] /dev/input/event2: 0000 0000 00000000
[   57238.941408] /dev/input/event2: 0003 0035 00000313
[   57238.941408] /dev/input/event2: 0003 0036 000005ee
[   57238.941408] /dev/input/event2: 0003 003a 00000039
[   57238.941408] /dev/input/event2: 0000 0000 00000000
[   57238.949946] /dev/input/event2: 0003 0035 0000032c
[   57238.949946] /dev/input/event2: 0003 0036 00000608
[   57238.949946] /dev/input/event2: 0003 003a 0000003a
[   57238.949946] /dev/input/event2: 0000 0000 00000000
[   57238.958509] /dev/input/event2: 0003 0035 00000348
[   57238.958509] /dev/input/event2: 0003 0036 0000062f
[   57238.958509] /dev/input/event2: 0000 0000 00000000
[   57238.966996] /dev/input/event2: 0003 0035 00000361
[   57238.966996] /dev/input/event2: 0003 0036 00000654
[   57238.966996] /dev/input/event2: 0000 0000 00000000
[   57238.975462] /dev/input/event2: 0003 0035 00000376
[   57238.975462] /dev/input/event2: 0003 0036 00000678
[   57238.975462] /dev/input/event2: 0003 003a 00000039
[   57238.975462] /dev/input/event2: 0000 0000 00000000
[   57238.984088] /dev/input/event2: 0003 0035 00000386
[   57238.984088] /dev/input/event2: 0003 0036 00000698
[   57238.984088] /dev/input/event2: 0003 0031 00000003
[   57238.984088] /dev/input/event2: 0000 0000 00000000
[   57238.992630] /dev/input/event2: 0003 0035 0000038f
[   57238.992630] /dev/input/event2: 0003 0036 000006ae
[   57238.992630] /dev/input/event2: 0000 0000 00000000
[   57239.001873] /dev/input/event2: 0003 0035 00000394
[   57239.001873] /dev/input/event2: 0003 0036 000006bd
[   57239.001873] /dev/input/event2: 0003 0031 00000004
[   57239.001873] /dev/input/event2: 0003 003a 00000040
[   57239.001873] /dev/input/event2: 0000 0000 00000000
[   57239.010347] /dev/input/event2: 0003 0035 00000396
[   57239.010347] /dev/input/event2: 0003 0036 000006c6
[   57239.010347] /dev/input/event2: 0000 0000 00000000
[   57239.018721] /dev/input/event2: 0003 0035 00000395
[   57239.018721] /dev/input/event2: 0003 0036 000006ca
[   57239.018721] /dev/input/event2: 0000 0000 00000000
[   57239.027436] /dev/input/event2: 0003 0035 00000392
[   57239.027436] /dev/input/event2: 0003 0036 000006cb
[   57239.027436] /dev/input/event2: 0003 003a 0000003f
[   57239.027436] /dev/input/event2: 0000 0000 00000000
[   57239.035840] /dev/input/event2: 0003 0035 0000038a
[   57239.035840] /dev/input/event2: 0003 0036 000006c8
[   57239.035840] /dev/input/event2: 0003 003a 0000003e
[   57239.035840] /dev/input/event2: 0000 0000 00000000
[   57239.043712] /dev/input/event2: 0003 0035 0000037c
[   57239.043712] /dev/input/event2: 0003 0036 000006bc
[   57239.043712] /dev/input/event2: 0003 0031 00000003
[   57239.043712] /dev/input/event2: 0003 003a 00000037
[   57239.043712] /dev/input/event2: 0000 0000 00000000
[   57239.052177] /dev/input/event2: 0003 0035 00000368
[   57239.052177] /dev/input/event2: 0003 0036 000006a5
[   57239.052177] /dev/input/event2: 0003 0031 00000004
[   57239.052177] /dev/input/event2: 0000 0000 00000000
[   57239.060700] /dev/input/event2: 0003 0035 00000351
[   57239.060700] /dev/input/event2: 0003 0036 0000067f
[   57239.060700] /dev/input/event2: 0000 0000 00000000
[   57239.069370] /dev/input/event2: 0003 0035 00000340
[   57239.069370] /dev/input/event2: 0003 0036 0000065d
[   57239.069370] /dev/input/event2: 0000 0000 00000000
[   57239.077832] /dev/input/event2: 0003 0035 00000335
[   57239.077832] /dev/input/event2: 0003 0036 00000640
[   57239.077832] /dev/input/event2: 0003 0031 00000003
[   57239.077832] /dev/input/event2: 0000 0000 00000000
[   57239.087089] /dev/input/event2: 0003 0035 0000032f
[   57239.087089] /dev/input/event2: 0003 0036 0000062c
[   57239.087089] /dev/input/event2: 0003 0031 00000004
[   57239.087089] /dev/input/event2: 0003 003a 0000003e
[   57239.087089] /dev/input/event2: 0000 0000 00000000
[   57239.095593] /dev/input/event2: 0003 0035 0000032c
[   57239.095593] /dev/input/event2: 0003 0036 00000620
[   57239.095593] /dev/input/event2: 0003 003a 0000003f
[   57239.095593] /dev/input/event2: 0000 0000 00000000
[   57239.104220] /dev/input/event2: 0003 0035 0000032b
[   57239.104220] /dev/input/event2: 0003 0036 00000619
[   57239.104220] /dev/input/event2: 0003 003a 00000040
[   57239.104220] /dev/input/event2: 0000 0000 00000000
[   57239.112650] /dev/input/event2: 0003 0036 00000617
[   57239.112650] /dev/input/event2: 0003 003a 0000003f
[   57239.112650] /dev/input/event2: 0000 0000 00000000
[   57239.121055] /dev/input/event2: 0003 0035 0000032f
[   57239.121055] /dev/input/event2: 0003 0036 00000619
[   57239.121055] /dev/input/event2: 0000 0000 00000000
[   57239.129041] /dev/input/event2: 0003 0035 0000033d
[   57239.129041] /dev/input/event2: 0003 0036 00000627
[   57239.129041] /dev/input/event2: 0003 003a 00000039
[   57239.129041] /dev/input/event2: 0000 0000 00000000
[   57239.137535] /dev/input/event2: 0003 0035 00000356
[   57239.137535] /dev/input/event2: 0003 0036 0000064d
[   57239.137535] /dev/input/event2: 0003 003a 0000003a
[   57239.137535] /dev/input/event2: 0000 0000 00000000
[   57239.146099] /dev/input/event2: 0003 0035 00000370
[   57239.146099] /dev/input/event2: 0003 0036 0000067a
[   57239.146099] /dev/input/event2: 0003 003a 00000039
[   57239.146099] /dev/input/event2: 0000 0000 00000000
[   57239.154619] /dev/input/event2: 0003 0035 00000382
[   57239.154619] /dev/input/event2: 0003 0036 0000069c
[   57239.154619] /dev/input/event2: 0000 0000 00000000
[   57239.163175] /dev/input/event2: 0003 0035 0000038e
[   57239.163175] /dev/input/event2: 0003 0036 000006ba
[   57239.163175] /dev/input/event2: 0000 0000 00000000
[   57239.171699] /dev/input/event2: 0003 0035 00000394
[   57239.171699] /dev/input/event2: 0003 0036 000006cf
[   57239.171699] /dev/input/event2: 0000 0000 00000000
[   57239.180802] /dev/input/event2: 0003 0035 00000395
[   57239.180802] /dev/input/event2: 0003 0036 000006db
[   57239.180802] /dev/input/event2: 0003 003a 0000003f
[   57239.180802] /dev/input/event2: 0000 0000 00000000
[   57239.189266] /dev/input/event2: 0003 0035 00000393
[   57239.189266] /dev/input/event2: 0003 0036 000006e2
[   57239.189266] /dev/input/event2: 0000 0000 00000000
[   57239.198117] /dev/input/event2: 0003 0035 0000038d
[   57239.198117] /dev/input/event2: 0003 0036 000006e5
[   57239.198117] /dev/input/event2: 0000 0000 00000000
[   57239.205766] /dev/input/event2: 0003 0035 0000037b
[   57239.205766] /dev/input/event2: 0003 0036 000006e0
[   57239.205766] /dev/input/event2: 0003 003a 00000038
[   57239.205766] /dev/input/event2: 0000 0000 00000000
[   57239.214361] /dev/input/event2: 0003 0035 0000035b
[   57239.214361] /dev/input/event2: 0003 0036 000006cb
[   57239.214361] /dev/input/event2: 0003 0031 00000003
[   57239.214361] /dev/input/event2: 0003 003a 00000037
[   57239.214361] /dev/input/event2: 0000 0000 00000000
[   57239.222678] /dev/input/event2: 0003 0035 0000032e
[   57239.222678] /dev/input/event2: 0003 0036 000006a1
[   57239.222678] /dev/input/event2: 0003 0031 00000004
[   57239.222678] /dev/input/event2: 0003 003a 00000036
[   57239.222678] /dev/input/event2: 0000 0000 00000000
[   57239.231262] /dev/input/event2: 0003 0035 000002f4
[   57239.231262] /dev/input/event2: 0003 0036 0000065b
[   57239.231262] /dev/input/event2: 0003 003a 00000037
[   57239.231262] /dev/input/event2: 0000 0000 00000000
[   57239.239788] /dev/input/event2: 0003 0035 000002b6
[   57239.239788] /dev/input/event2: 0003 0036 0000060a
[   57239.239788] /dev/input/event2: 0000 0000 00000000
[   57239.248230] /dev/input/event2: 0003 0035 00000275
[   57239.248230] /dev/input/event2: 0003 0036 000005b1
[   57239.248230] /dev/input/event2: 0003 0031 00000003
[   57239.248230] /dev/input/event2: 0003 003a 00000035
[   57239.248230] /dev/input/event2: 0000 0000 00000000
[   57239.256828] /dev/input/event2: 0003 0035 00000237
[   57239.256828] /dev/input/event2: 0003 0036 00000558
[   57239.256828] /dev/input/event2: 0003 0031 00000004
[   57239.256828] /dev/input/event2: 0000 0000 00000000
[   57239.265396] /dev/input/event2: 0003 0035 000001f6
[   57239.265396] /dev/input/event2: 0003 0036 00000504
[   57239.265396] /dev/input/event2: 0000 0000 00000000
[   57239.273857] /dev/input/event2: 0003 0035 000001b0
[   57239.273857] /dev/input/event2: 0003 0036 000004aa
[   57239.273857] /dev/input/event2: 0003 003a 00000034
[   57239.273857] /dev/input/event2: 0000 0000 00000000
[   57239.282397] /dev/input/event2: 0003 0035 00000173
[   57239.282397] /dev/input/event2: 0003 0036 0000045a
[   57239.282397] /dev/input/event2: 0003 0031 00000003
[   57239.282397] /dev/input/event2: 0000 0000 00000000
[   57239.290941] /dev/input/event2: 0003 0035 00000136
[   57239.290941] /dev/input/event2: 0003 0036 0000040f
[   57239.290941] /dev/input/event2: 0000 0000 00000000
[   57239.299485] /dev/input/event2: 0003 0035 000000f9
[   57239.299485] /dev/input/event2: 0003 0036 000003c5
[   57239.299485] /dev/input/event2: 0000 0000 00000000
[   57239.308119] /dev/input/event2: 0003 0035 000000bc
[   57239.308119] /dev/input/event2: 0003 0036 00000373
[   57239.308119] /dev/input/event2: 0003 0031 00000004
[   57239.308119] /dev/input/event2: 0003 003a 00000032
[   57239.308119] /dev/input/event2: 0000 0000 00000000
[   57239.316440] /dev/input/event2: 0003 0035 00000096
[   57239.316440] /dev/input/event2: 0003 0036 00000333
[   57239.316440] /dev/input/event2: 0003 0031 00000003
[   57239.316440] /dev/input/event2: 0003 003a 0000001e
[   57239.316440] /dev/input/event2: 0000 0000 00000000
[   57239.324817] /dev/input/event2: 0003 0039 ffffffff
[   57239.324817] /dev/input/event2: 0000 0000 00000000
