[   49043.751586] /dev/input/event2: 0003 0039 00000365
[   49043.751586] /dev/input/event2: 0003 0035 00000222
[   49043.751586] /dev/input/event2: 0003 0036 0000069d
[   49043.751586] /dev/input/event2: 0003 003a 00000031
[   49043.751586] /dev/input/event2: 0000 0000 00000000
[   49043.768171] /dev/input/event2: 0003 0036 0000069c
[   49043.768171] /dev/input/event2: 0003 0031 00000004
[   49043.768171] /dev/input/event2: 0003 003a 0000003b
[   49043.768171] /dev/input/event2: 0000 0000 00000000
[   49043.776603] /dev/input/event2: 0003 0036 0000069b
[   49043.776603] /dev/input/event2: 0000 0000 00000000
[   49043.785207] /dev/input/event2: 0003 0036 0000069a
[   49043.785207] /dev/input/event2: 0003 003a 0000003a
[   49043.785207] /dev/input/event2: 0000 0000 00000000
[   49043.793682] /dev/input/event2: 0003 0036 00000699
[   49043.793682] /dev/input/event2: 0000 0000 00000000
[   49043.802159] /dev/input/event2: 0003 0036 00000696
[   49043.802159] /dev/input/event2: 0000 0000 00000000
[   49043.810663] /dev/input/event2: 0003 0035 00000223
[   49043.810663] /dev/input/event2: 0003 0036 00000690
[   49043.810663] /dev/input/event2: 0003 0031 00000003
[   49043.810663] /dev/input/event2: 0000 0000 00000000
[   49043.819273] /dev/input/event2: 0003 0035 00000224
[   49043.819273] /dev/input/event2: 0003 0036 00000683
[   49043.819273] /dev/input/event2: 0003 0031 00000004
[   49043.819273] /dev/input/event2: 0000 0000 00000000
[   49043.826812] /dev/input/event2: 0003 0035 00000225
[   49043.826812] /dev/input/event2: 0003 0036 0000066f
[   49043.826812] /dev/input/event2: 0003 003a 00000034
[   49043.826812] /dev/input/event2: 0000 0000 00000000
[   49043.835357] /dev/input/event2: 0003 0036 00000653
[   49043.835357] /dev/input/event2: 0000 0000 00000000
[   49043.843716] /dev/input/event2: 0003 0035 00000226
[   49043.843716] /dev/input/event2: 0003 0036 00000632
[   49043.843716] /dev/input/event2: 0003 003a 00000035
[   49043.843716] /dev/input/event2: 0000 0000 00000000
[   49043.852208] /dev/input/event2: 0003 0035 00000227
[   49043.852208] /dev/input/event2: 0003 0036 0000060c
[   49043.852208] /dev/input/event2: 0003 003a 00000034
[   49043.852208] /dev/input/event2: 0000 0000 00000000
[   49043.860673] /dev/input/event2: 0003 0035 00000228
[   49043.860673] /dev/input/event2: 0003 0036 000005e5
[   49043.860673] /dev/input/event2: 0003 0031 00000003
[   49043.860673] /dev/input/event2: 0000 0000 00000000
[   49043.869120] /dev/input/event2: 0003 0035 0000022a
[   49043.869120] /dev/input/event2: 0003 0036 000005be
[   49043.869120] /dev/input/event2: 0003 0031 00000004
[   49043.869120] /dev/input/event2: 0000 0000 00000000
[   49043.877586] /dev/input/event2: 0003 0035 0000022d
[   49043.877586] /dev/input/event2: 0003 0036 0000059d
[   49043.877586] /dev/input/event2: 0003 0031 00000003
[   49043.877586] /dev/input/event2: 0003 003a 00000035
[   49043.877586] /dev/input/event2: 0000 0000 00000000
[   49043.886165] /dev/input/event2: 0003 0035 00000232
[   49043.886165] /dev/input/event2: 0003 0036 00000581
[   49043.886165] /dev/input/event2: 0003 0031 00000004
[   49043.886165] /dev/input/event2: 0000 0000 00000000
[   49043.894512] /dev/input/event2: 0003 0035 00000238
[   49043.894512] /dev/input/event2: 0003 0036 0000056a
[   49043.894512] /dev/input/event2: 0000 0000 00000000
[   49043.903885] /dev/input/event2: 0003 0035 0000023e
[   49043.903885] /dev/input/event2: 0003 0036 00000559
[   49043.903885] /dev/input/event2: 0003 003a 0000003d
[   49043.903885] /dev/input/event2: 0000 0000 00000000
[   49043.912373] /dev/input/event2: 0003 0035 00000244
[   49043.912373] /dev/input/event2: 0003 0036 0000054c
[   49043.912373] /dev/input/event2: 0000 0000 00000000
[   49043.920931] /dev/input/event2: 0003 0035 00000249
[   49043.920931] /dev/input/event2: 0003 0036 00000543
[   49043.920931] /dev/input/event2: 0003 003a 0000003c
[   49043.920931] /dev/input/event2: 0000 0000 00000000
[   49043.929102] /dev/input/event2: 0003 0035 0000024e
[   49043.929102] /dev/input/event2: 0003 0036 0000053e
[   49043.929102] /dev/input/event2: 0003 003a 0000003b
[   49043.929102] /dev/input/event2: 0000 0000 00000000
[   49043.937785] /dev/input/event2: 0003 0035 00000258
[   49043.937785] /dev/input/event2: 0003 0036 0000053a
[   49043.937785] /dev/input/event2: 0003 003a 0000003c
[   49043.937785] /dev/input/event2: 0000 0000 00000000
[   49043.946221] /dev/input/event2: 0003 0035 00000268
[   49043.946221] /dev/input/event2: 0003 0036 0000053c
[   49043.946221] /dev/input/event2: 0000 0000 00000000
[   49043.953853] /dev/input/event2: 0003 0035 00000281
[   49043.953853] /dev/input/event2: 0003 0036 00000547
[   49043.953853] /dev/input/event2: 0003 003a 00000036
[   49043.953853] /dev/input/event2: 0000 0000 00000000
[   49043.962336] /dev/input/event2: 0003 0035 0000029f
[   49043.962336] /dev/input/event2: 0003 0036 0000055b
[   49043.962336] /dev/input/event2: 0000 0000 00000000
[   49043.972490] /dev/input/event2: 0003 0035 000002c3
[   49043.972490] /dev/input/event2: 0003 0036 00000577
[   49043.972490] /dev/input/event2: 0003 003a 00000035
[   49043.972490] /dev/input/event2: 0000 0000 00000000
[   49043.979273] /dev/input/event2: 0003 0035 000002e5
[   49043.979273] /dev/input/event2: 0003 0036 00000596
[   49043.979273] /dev/input/event2: 0000 0000 00000000
[   49043.987740] /dev/input/event2: 0003 0035 00000309
[   49043.987740] /dev/input/event2: 0003 0036 000005b9
[   49043.987740] /dev/input/event2: 0003 0031 00000003
[   49043.987740] /dev/input/event2: 0003 003a 00000036
[   49043.987740] /dev/input/event2: 0000 0000 00000000
[   49043.996202] /dev/input/event2: 0003 0035 00000329
[   49043.996202] /dev/input/event2: 0003 0036 000005dc
[   49043.996202] /dev/input/event2: 0003 0031 00000004
[   49043.996202] /dev/input/event2: 0000 0000 00000000
[   49044.004679] /dev/input/event2: 0003 0035 00000349
[   49044.004679] /dev/input/event2: 0003 0036 000005fe
[   49044.004679] /dev/input/event2: 0003 003a 00000037
[   49044.004679] /dev/input/event2: 0000 0000 00000000
[   49044.013234] /dev/input/event2: 0003 0035 00000364
[   49044.013234] /dev/input/event2: 0003 0036 0000061e
[   49044.013234] /dev/input/event2: 0000 0000 00000000
[   49044.021681] /dev/input/event2: 0003 0035 00000377
[   49044.021681] /dev/input/event2: 0003 0036 00000637
[   49044.021681] /dev/input/event2: 0003 003a 00000038
[   49044.021681] /dev/input/event2: 0000 0000 00000000
[   49044.030142] /dev/input/event2: 0003 0035 00000386
[   49044.030142] /dev/input/event2: 0003 0036 0000064e
[   49044.030142] /dev/input/event2: 0000 0000 00000000
[   49044.039427] /dev/input/event2: 0003 0035 00000391
[   49044.039427] /dev/input/event2: 0003 0036 00000661
[   49044.039427] /dev/input/event2: 0003 003a 0000003e
[   49044.039427] /dev/input/event2: 0000 0000 00000000
[   49044.047916] /dev/input/event2: 0003 0035 00000398
[   49044.047916] /dev/input/event2: 0003 0036 00000672
[   49044.047916] /dev/input/event2: 0000 0000 00000000
[   49044.056363] /dev/input/event2: 0003 0035 0000039b
[   49044.056363] /dev/input/event2: 0003 0036 00000680
[   49044.056363] /dev/input/event2: 0000 0000 00000000
[   49044.064840] /dev/input/event2: 0003 0035 0000039a
[   49044.064840] /dev/input/event2: 0003 0036 0000068c
[   49044.064840] /dev/input/event2: 0003 003a 0000003d
[   49044.064840] /dev/input/event2: 0000 0000 00000000
[   49044.073334] /dev/input/event2: 0003 0035 00000395
[   49044.073334] /dev/input/event2: 0003 0036 00000696
[   49044.073334] /dev/input/event2: 0003 003a 0000003c
[   49044.073334] /dev/input/event2: 0000 0000 00000000
[   49044.080963] /dev/input/event2: 0003 0035 0000038e
[   49044.080963] /dev/input/event2: 0003 0036 0000069d
[   49044.080963] /dev/input/event2: 0003 003a 00000036
[   49044.080963] /dev/input/event2: 0000 0000 00000000
[   49044.089476] /dev/input/event2: 0003 0035 00000381
[   49044.089476] /dev/input/event2: 0003 0036 000006a3
[   49044.089476] /dev/input/event2: 0000 0000 00000000
[   49044.097936] /dev/input/event2: 0003 0035 0000036e
[   49044.097936] /dev/input/event2: 0003 0036 000006a7
[   49044.097936] /dev/input/event2: 0003 003a 00000035
[   49044.097936] /dev/input/event2: 0000 0000 00000000
[   49044.106396] /dev/input/event2: 0003 0035 0000035a
[   49044.106396] /dev/input/event2: 0003 0036 000006a5
[   49044.106396] /dev/input/event2: 0003 0031 00000003
[   49044.106396] /dev/input/event2: 0000 0000 00000000
[   49044.114843] /dev/input/event2: 0003 0035 00000344
[   49044.114843] /dev/input/event2: 0003 0036 0000069c
[   49044.114843] /dev/input/event2: 0003 0031 00000004
[   49044.114843] /dev/input/event2: 0000 0000 00000000
[   49044.123360] /dev/input/event2: 0003 0035 0000032e
[   49044.123360] /dev/input/event2: 0003 0036 0000068d
[   49044.123360] /dev/input/event2: 0003 0031 00000003
[   49044.123360] /dev/input/event2: 0000 0000 00000000
[   49044.131900] /dev/input/event2: 0003 0035 0000031b
[   49044.131900] /dev/input/event2: 0003 0036 00000679
[   49044.131900] /dev/input/event2: 0003 0031 00000004
[   49044.131900] /dev/input/event2: 0000 0000 00000000
[   49044.140265] /dev/input/event2: 0003 0035 00000304
[   49044.140265] /dev/input/event2: 0003 0036 0000065b
[   49044.140265] /dev/input/event2: 0003 0031 00000003
[   49044.140265] /dev/input/event2: 0003 003a 00000036
[   49044.140265] /dev/input/event2: 0000 0000 00000000
[   49044.148741] /dev/input/event2: 0003 0035 000002ee
[   49044.148741] /dev/input/event2: 0003 0036 00000639
[   49044.148741] /dev/input/event2: 0003 0031 00000004
[   49044.148741] /dev/input/event2: 0000 0000 00000000
[   49044.157370] /dev/input/event2: 0003 0035 000002dc
[   49044.157370] /dev/input/event2: 0003 0036 00000617
[   49044.157370] /dev/input/event2: 0000 0000 00000000
[   49044.165733] /dev/input/event2: 0003 0035 000002cf
[   49044.165733] /dev/input/event2: 0003 0036 000005f8
[   49044.165733] /dev/input/event2: 0003 003a 00000035
[   49044.165733] /dev/input/event2: 0000 0000 00000000
[   49044.174201] /dev/input/event2: 0003 0035 000002c7
[   49044.174201] /dev/input/event2: 0003 0036 000005dd
[   49044.174201] /dev/input/event2: 0000 0000 00000000
[   49044.183390] /dev/input/event2: 0003 0035 000002c3
[   49044.183390] /dev/input/event2: 0003 0036 000005c6
[   49044.183390] /dev/input/event2: 0003 0031 00000003
[   49044.183390] /dev/input/event2: 0003 003a 0000003c
[   49044.183390] /dev/input/event2: 0000 0000 00000000
[   49044.191828] /dev/input/event2: 0003 0036 000005b4
[   49044.191828] /dev/input/event2: 0003 0031 00000004
[   49044.191828] /dev/input/event2: 0000 0000 00000000
[   49044.200485] /dev/input/event2: 0003 0035 000002c6
[   49044.200485] /dev/input/event2: 0003 0036 000005a6
[   49044.200485] /dev/input/event2: 0000 0000 00000000
[   49044.208883] /dev/input/event2: 0003 0035 000002ca
[   49044.208883] /dev/input/event2: 0003 0036 0000059c
[   49044.208883] /dev/input/event2: 0003 003a 0000003d
[   49044.208883] /dev/input/event2: 0000 0000 00000000
[   49044.217406] /dev/input/event2: 0003 0035 000002cf
[   49044.217406] /dev/input/event2: 0003 0036 00000595
[   49044.217406] /dev/input/event2: 0000 0000 00000000
[   49044.225754] /dev/input/event2: 0003 0035 000002d7
[   49044.225754] /dev/input/event2: 0003 0036 0000058f
[   49044.225754] /dev/input/event2: 0000 0000 00000000
[   49044.234284] /dev/input/event2: 0003 0035 000002e5
[   49044.234284] /dev/input/event2: 0003 0036 0000058d
[   49044.234284] /dev/input/event2: 0003 003a 0000003e
[   49044.234284] /dev/input/event2: 0000 0000 00000000
[   49044.242757] /dev/input/event2: 0003 0035 000002f5
[   49044.242757] /dev/input/event2: 0003 0036 00000590
[   49044.242757] /dev/input/event2: 0000 0000 00000000
[   49044.250450] /dev/input/event2: 0003 0035 0000030a
[   49044.250450] /dev/input/event2: 0003 0036 0000059b
[   49044.250450] /dev/input/event2: 0003 003a 00000038
[   49044.250450] /dev/input/event2: 0000 0000 00000000
[   49044.258927] /dev/input/event2: 0003 0035 00000320
[   49044.258927] /dev/input/event2: 0003 0036 000005ae
[   49044.258927] /dev/input/event2: 0003 003a 00000037
[   49044.258927] /dev/input/event2: 0000 0000 00000000
[   49044.267367] /dev/input/event2: 0003 0035 00000337
[   49044.267367] /dev/input/event2: 0003 0036 000005c8
[   49044.267367] /dev/input/event2: 0000 0000 00000000
[   49044.275917] /dev/input/event2: 0003 0035 00000351
[   49044.275917] /dev/input/event2: 0003 0036 000005eb
[   49044.275917] /dev/input/event2: 0003 003a 00000038
[   49044.275917] /dev/input/event2: 0000 0000 00000000
[   49044.284515] /dev/input/event2: 0003 0035 00000369
[   49044.284515] /dev/input/event2: 0003 0036 00000612
[   49044.284515] /dev/input/event2: 0000 0000 00000000
[   49044.292861] /dev/input/event2: 0003 0035 0000037b
[   49044.292861] /dev/input/event2: 0003 0036 00000633
[   49044.292861] /dev/input/event2: 0000 0000 00000000
[   49044.301355] /dev/input/event2: 0003 0035 00000387
[   49044.301355] /dev/input/event2: 0003 0036 0000064d
[   49044.301355] /dev/input/event2: 0003 003a 00000037
[   49044.301355] /dev/input/event2: 0000 0000 00000000
[   49044.310543] /dev/input/event2: 0003 0035 0000038d
[   49044.310543] /dev/input/event2: 0003 0036 0000065e
[   49044.310543] /dev/input/event2: 0003 0031 00000003
[   49044.310543] /dev/input/event2: 0003 003a 0000003e
[   49044.310543] /dev/input/event2: 0000 0000 00000000
[   49044.319056] /dev/input/event2: 0003 0035 00000390
[   49044.319056] /dev/input/event2: 0003 0036 0000066a
[   49044.319056] /dev/input/event2: 0003 003a 0000003d
[   49044.319056] /dev/input/event2: 0000 0000 00000000
[   49044.327434] /dev/input/event2: 0003 0035 00000391
[   49044.327434] /dev/input/event2: 0003 0036 00000671
[   49044.327434] /dev/input/event2: 0000 0000 00000000
[   49044.335916] /dev/input/event2: 0003 0035 00000390
[   49044.335916] /dev/input/event2: 0003 0036 00000675
[   49044.335916] /dev/input/event2: 0000 0000 00000000
[   49044.344519] /dev/input/event2: 0003 0035 0000038e
[   49044.344519] /dev/input/event2: 0003 0036 00000676
[   49044.344519] /dev/input/event2: 0003 0031 00000004
[   49044.344519] /dev/input/event2: 0003 003a 0000003c
[   49044.344519] /dev/input/event2: 0000 0000 00000000
[   49044.352972] /dev/input/event2: 0003 0035 00000389
[   49044.352972] /dev/input/event2: 0000 0000 00000000
[   49044.361506] /dev/input/event2: 0003 0035 00000382
[   49044.361506] /dev/input/event2: 0003 0036 00000673
[   49044.361506] /dev/input/event2: 0003 0031 00000003
[   49044.361506] /dev/input/event2: 0000 0000 00000000
[   49044.369197] /dev/input/event2: 0003 0035 00000376
[   49044.369197] /dev/input/event2: 0003 0036 00000669
[   49044.369197] /dev/input/event2: 0003 0031 00000004
[   49044.369197] /dev/input/event2: 0003 003a 00000036
[   49044.369197] /dev/input/event2: 0000 0000 00000000
[   49044.377534] /dev/input/event2: 0003 0035 00000366
[   49044.377534] /dev/input/event2: 0003 0036 0000065a
[   49044.377534] /dev/input/event2: 0000 0000 00000000
[   49044.386295] /dev/input/event2: 0003 0035 00000354
[   49044.386295] /dev/input/event2: 0003 0036 00000643
[   49044.386295] /dev/input/event2: 0000 0000 00000000
[   49044.394563] /dev/input/event2: 0003 0035 00000342
[   49044.394563] /dev/input/event2: 0003 0036 0000062a
[   49044.394563] /dev/input/event2: 0000 0000 00000000
[   49044.403060] /dev/input/event2: 0003 0035 00000333
[   49044.403060] /dev/input/event2: 0003 0036 00000613
[   49044.403060] /dev/input/event2: 0000 0000 00000000
[   49044.412149] /dev/input/event2: 0003 0035 00000327
[   49044.412149] /dev/input/event2: 0003 0036 000005fe
[   49044.412149] /dev/input/event2: 0003 003a 0000003c
[   49044.412149] /dev/input/event2: 0000 0000 00000000
[   49044.420649] /dev/input/event2: 0003 0035 0000031e
[   49044.420649] /dev/input/event2: 0003 0036 000005ee
[   49044.420649] /dev/input/event2: 0000 0000 00000000
[   49044.429097] /dev/input/event2: 0003 0035 00000318
[   49044.429097] /dev/input/event2: 0003 0036 000005e4
[   49044.429097] /dev/input/event2: 0003 003a 0000003d
[   49044.429097] /dev/input/event2: 0000 0000 00000000
[   49044.437655] /dev/input/event2: 0003 0035 00000314
[   49044.437655] /dev/input/event2: 0003 0036 000005dd
[   49044.437655] /dev/input/event2: 0000 0000 00000000
[   49044.446013] /dev/input/event2: 0003 0035 00000312
[   49044.446013] /dev/input/event2: 0003 0036 000005d9
[   49044.446013] /dev/input/event2: 0000 0000 00000000
[   49044.454689] /dev/input/event2: 0003 0036 000005d7
[   49044.454689] /dev/input/event2: 0003 003a 0000003c
[   49044.454689] /dev/input/event2: 0000 0000 00000000
[   49044.463095] /dev/input/event2: 0003 0035 00000313
[   49044.463095] /dev/input/event2: 0003 0036 000005d6
[   49044.463095] /dev/input/event2: 0003 0031 00000003
[   49044.463095] /dev/input/event2: 0000 0000 00000000
[   49044.471559] /dev/input/event2: 0003 0035 00000317
[   49044.471559] /dev/input/event2: 0003 0036 000005d8
[   49044.471559] /dev/input/event2: 0003 0031 00000004
[   49044.471559] /dev/input/event2: 0003 003a 0000003b
[   49044.471559] /dev/input/event2: 0000 0000 00000000
[   49044.479291] /dev/input/event2: 0003 0035 00000321
[   49044.479291] /dev/input/event2: 0003 0036 000005e1
[   49044.479291] /dev/input/event2: 0003 003a 00000037
[   49044.479291] /dev/input/event2: 0000 0000 00000000
[   49044.487723] /dev/input/event2: 0003 0035 00000334
[   49044.487723] /dev/input/event2: 0003 0036 000005f7
[   49044.487723] /dev/input/event2: 0003 003a 00000036
[   49044.487723] /dev/input/event2: 0000 0000 00000000
[   49044.496272] /dev/input/event2: 0003 0035 0000034c
[   49044.496272] /dev/input/event2: 0003 0036 00000619
[   49044.496272] /dev/input/event2: 0003 003a 00000037
[   49044.496272] /dev/input/event2: 0000 0000 00000000
[   49044.504719] /dev/input/event2: 0003 0035 00000366
[   49044.504719] /dev/input/event2: 0003 0036 0000063f
[   49044.504719] /dev/input/event2: 0003 003a 00000038
[   49044.504719] /dev/input/event2: 0000 0000 00000000
[   49044.513224] /dev/input/event2: 0003 0035 0000037f
[   49044.513224] /dev/input/event2: 0003 0036 00000667
[   49044.513224] /dev/input/event2: 0003 003a 00000037
[   49044.513224] /dev/input/event2: 0000 0000 00000000
[   49044.521619] /dev/input/event2: 0003 0035 00000392
[   49044.521619] /dev/input/event2: 0003 0036 0000068b
[   49044.521619] /dev/input/event2: 0000 0000 00000000
[   49044.530080] /dev/input/event2: 0003 0035 000003a2
[   49044.530080] /dev/input/event2: 0003 0036 000006ae
[   49044.530080] /dev/input/event2: 0000 0000 00000000
[   49044.538565] /dev/input/event2: 0003 0035 000003ac
[   49044.538565] /dev/input/event2: 0003 0036 000006c5
[   49044.538565] /dev/input/event2: 0000 0000 00000000
[   49044.547834] /dev/input/event2: 0003 0035 000003b1
[   49044.547834] /dev/input/event2: 0003 0036 000006d4
[   49044.547834] /dev/input/event2: 0003 003a 0000003c
[   49044.547834] /dev/input/event2: 0000 0000 00000000
[   49044.556234] /dev/input/event2: 0003 0035 000003b3
[   49044.556234] /dev/input/event2: 0003 0036 000006df
[   49044.556234] /dev/input/event2: 0000 0000 00000000
[   49044.564824] /dev/input/event2: 0003 0036 000006e6
[   49044.564824] /dev/input/event2: 0000 0000 00000000
[   49044.573294] /dev/input/event2: 0003 0035 000003b1
[   49044.573294] /dev/input/event2: 0003 0036 000006e9
[   49044.573294] /dev/input/event2: 0000 0000 00000000
[   49044.581751] /dev/input/event2: 0003 0035 000003ae
[   49044.581751] /dev/input/event2: 0003 0036 000006ea
[   49044.581751] /dev/input/event2: 0000 0000 00000000
[   49044.590245] /dev/input/event2: 0003 0035 000003a2
[   49044.590245] /dev/input/event2: 0003 0036 000006e8
[   49044.590245] /dev/input/event2: 0003 0031 00000003
[   49044.590245] /dev/input/event2: 0000 0000 00000000
[   49044.597954] /dev/input/event2: 0003 0035 0000038f
[   49044.597954] /dev/input/event2: 0003 0036 000006dc
[   49044.597954] /dev/input/event2: 0003 0031 00000004
[   49044.597954] /dev/input/event2: 0003 003a 00000036
[   49044.597954] /dev/input/event2: 0000 0000 00000000
[   49044.606399] /dev/input/event2: 0003 0035 00000371
[   49044.606399] /dev/input/event2: 0003 0036 000006c1
[   49044.606399] /dev/input/event2: 0003 0031 00000003
[   49044.606399] /dev/input/event2: 0003 003a 00000035
[   49044.606399] /dev/input/event2: 0000 0000 00000000
[   49044.614830] /dev/input/event2: 0003 0035 0000034a
[   49044.614830] /dev/input/event2: 0003 0036 00000692
[   49044.614830] /dev/input/event2: 0000 0000 00000000
[   49044.623329] /dev/input/event2: 0003 0035 00000316
[   49044.623329] /dev/input/event2: 0003 0036 0000064f
[   49044.623329] /dev/input/event2: 0003 003a 00000036
[   49044.623329] /dev/input/event2: 0000 0000 00000000
[   49044.631862] /dev/input/event2: 0003 0035 000002e0
[   49044.631862] /dev/input/event2: 0003 0036 00000606
[   49044.631862] /dev/input/event2: 0000 0000 00000000
[   49044.640336] /dev/input/event2: 0003 0035 000002ae
[   49044.640336] /dev/input/event2: 0003 0036 000005bc
[   49044.640336] /dev/input/event2: 0003 003a 00000034
[   49044.640336] /dev/input/event2: 0000 0000 00000000
[   49044.648761] /dev/input/event2: 0003 0035 0000027b
[   49044.648761] /dev/input/event2: 0003 0036 00000567
[   49044.648761] /dev/input/event2: 0000 0000 00000000
[   49044.657228] /dev/input/event2: 0003 0035 00000248
[   49044.657228] /dev/input/event2: 0003 0036 0000051d
[   49044.657228] /dev/input/event2: 0003 0031 00000004
[   49044.657228] /dev/input/event2: 0003 003a 00000035
[   49044.657228] /dev/input/event2: 0000 0000 00000000
[   49044.665722] /dev/input/event2: 0003 0035 00000211
[   49044.665722] /dev/input/event2: 0003 0036 000004cc
[   49044.665722] /dev/input/event2: 0003 003a 00000034
[   49044.665722] /dev/input/event2: 0000 0000 00000000
[   49044.674363] /dev/input/event2: 0003 0035 000001e3
[   49044.674363] /dev/input/event2: 0003 0036 00000482
[   49044.674363] /dev/input/event2: 0003 003a 00000033
[   49044.674363] /dev/input/event2: 0000 0000 00000000
[   49044.682600] /dev/input/event2: 0003 0035 000001b8
[   49044.682600] /dev/input/event2: 0003 0036 00000440
[   49044.682600] /dev/input/event2: 0000 0000 00000000
[   49044.691113] /dev/input/event2: 0003 0035 0000018f
[   49044.691113] /dev/input/event2: 0003 0036 00000407
[   49044.691113] /dev/input/event2: 0003 003a 00000034
[   49044.691113] /dev/input/event2: 0000 0000 00000000
[   49044.699653] /dev/input/event2: 0003 0035 00000169
[   49044.699653] /dev/input/event2: 0003 0036 000003d1
[   49044.699653] /dev/input/event2: 0003 0031 00000003
[   49044.699653] /dev/input/event2: 0003 003a 00000033
[   49044.699653] /dev/input/event2: 0000 0000 00000000
[   49044.708089] /dev/input/event2: 0003 0035 00000140
[   49044.708089] /dev/input/event2: 0003 0036 000003a2
[   49044.708089] /dev/input/event2: 0003 0031 00000004
[   49044.708089] /dev/input/event2: 0003 003a 00000032
[   49044.708089] /dev/input/event2: 0000 0000 00000000
[   49044.716473] /dev/input/event2: 0003 0035 00000115
[   49044.716473] /dev/input/event2: 0003 0036 0000036b
[   49044.716473] /dev/input/event2: 0003 0031 00000003
[   49044.716473] /dev/input/event2: 0003 003a 0000001f
[   49044.716473] /dev/input/event2: 0000 0000 00000000
[   49044.724794] /dev/input/event2: 0003 0039 ffffffff
[   49044.724794] /dev/input/event2: 0000 0000 00000000
