[   67451.065762] /dev/input/event2: 0003 0039 0000125c
[   67451.065762] /dev/input/event2: 0003 0035 00000215
[   67451.065762] /dev/input/event2: 0003 0036 00000699
[   67451.065762] /dev/input/event2: 0003 003a 00000027
[   67451.065762] /dev/input/event2: 0000 0000 00000000
[   67451.082634] /dev/input/event2: 0003 0036 00000698
[   67451.082634] /dev/input/event2: 0003 0031 00000004
[   67451.082634] /dev/input/event2: 0003 003a 0000003f
[   67451.082634] /dev/input/event2: 0000 0000 00000000
[   67451.091166] /dev/input/event2: 0003 0036 00000697
[   67451.091166] /dev/input/event2: 0003 003a 0000003e
[   67451.091166] /dev/input/event2: 0000 0000 00000000
[   67451.099623] /dev/input/event2: 0003 0036 00000696
[   67451.099623] /dev/input/event2: 0003 003a 0000003d
[   67451.099623] /dev/input/event2: 0000 0000 00000000
[   67451.108035] /dev/input/event2: 0003 0036 00000694
[   67451.108035] /dev/input/event2: 0000 0000 00000000
[   67451.116499] /dev/input/event2: 0003 0036 00000690
[   67451.116499] /dev/input/event2: 0003 003a 0000003e
[   67451.116499] /dev/input/event2: 0000 0000 00000000
[   67451.125008] /dev/input/event2: 0003 0036 00000689
[   67451.125008] /dev/input/event2: 0003 0031 00000003
[   67451.125008] /dev/input/event2: 0000 0000 00000000
[   67451.133400] /dev/input/event2: 0003 0036 0000067d
[   67451.133400] /dev/input/event2: 0003 0031 00000004
[   67451.133400] /dev/input/event2: 0003 003a 0000003d
[   67451.133400] /dev/input/event2: 0000 0000 00000000
[   67451.141083] /dev/input/event2: 0003 0035 00000216
[   67451.141083] /dev/input/event2: 0003 0036 0000066d
[   67451.141083] /dev/input/event2: 0003 003a 00000037
[   67451.141083] /dev/input/event2: 0000 0000 00000000
[   67451.149664] /dev/input/event2: 0003 0035 00000219
[   67451.149664] /dev/input/event2: 0003 0036 00000657
[   67451.149664] /dev/input/event2: 0000 0000 00000000
[   67451.158124] /dev/input/event2: 0003 0035 0000021d
[   67451.158124] /dev/input/event2: 0003 0036 0000063f
[   67451.158124] /dev/input/event2: 0000 0000 00000000
[   67451.166561] /dev/input/event2: 0003 0035 00000224
[   67451.166561] /dev/input/event2: 0003 0036 00000626
[   67451.166561] /dev/input/event2: 0003 003a 00000038
[   67451.166561] /dev/input/event2: 0000 0000 00000000
[   67451.175084] /dev/input/event2: 0003 0035 0000022d
[   67451.175084] /dev/input/event2: 0003 0036 0000060b
[   67451.175084] /dev/input/event2: 0000 0000 00000000
[   67451.183445] /dev/input/event2: 0003 0035 00000237
[   67451.183445] /dev/input/event2: 0003 0036 000005f2
[   67451.183445] /dev/input/event2: 0003 003a 00000037
[   67451.183445] /dev/input/event2: 0000 0000 00000000
[   67451.192008] /dev/input/event2: 0003 0035 00000242
[   67451.192008] /dev/input/event2: 0003 0036 000005da
[   67451.192008] /dev/input/event2: 0000 0000 00000000
[   67451.200451] /dev/input/event2: 0003 0035 00000250
[   67451.200451] /dev/input/event2: 0003 0036 000005c5
[   67451.200451] /dev/input/event2: 0003 003a 00000038
[   67451.200451] /dev/input/event2: 0000 0000 00000000
[   67451.208885] /dev/input/event2: 0003 0035 0000025e
[   67451.208885] /dev/input/event2: 0003 0036 000005b4
[   67451.208885] /dev/input/event2: 0000 0000 00000000
[   67451.217338] /dev/input/event2: 0003 0035 0000026f
[   67451.217338] /dev/input/event2: 0003 0036 000005a6
[   67451.217338] /dev/input/event2: 0000 0000 00000000
[   67451.225871] /dev/input/event2: 0003 0035 00000286
[   67451.225871] /dev/input/event2: 0003 0036 0000059a
[   67451.225871] /dev/input/event2: 0003 003a 00000039
[   67451.225871] /dev/input/event2: 0000 0000 00000000
[   67451.234458] /dev/input/event2: 0003 0035 0000029e
[   67451.234458] /dev/input/event2: 0003 0036 00000594
[   67451.234458] /dev/input/event2: 0000 0000 00000000
[   67451.242855] /dev/input/event2: 0003 0035 000002ba
[   67451.242855] /dev/input/event2: 0003 0036 00000596
[   67451.242855] /dev/input/event2: 0003 003a 0000003a
[   67451.242855] /dev/input/event2: 0000 0000 00000000
[   67451.251449] /dev/input/event2: 0003 0035 000002d6
[   67451.251449] /dev/input/event2: 0003 0036 0000059e
[   67451.251449] /dev/input/event2: 0000 0000 00000000
[   67451.259899] /dev/input/event2: 0003 0035 000002ef
[   67451.259899] /dev/input/event2: 0003 0036 000005ae
[   67451.259899] /dev/input/event2: 0000 0000 00000000
[   67451.268309] /dev/input/event2: 0003 0035 00000307
[   67451.268309] /dev/input/event2: 0003 0036 000005c0
[   67451.268309] /dev/input/event2: 0000 0000 00000000
[   67451.276767] /dev/input/event2: 0003 0035 0000031c
[   67451.276767] /dev/input/event2: 0003 0036 000005d6
[   67451.276767] /dev/input/event2: 0000 0000 00000000
[   67451.285251] /dev/input/event2: 0003 0035 00000330
[   67451.285251] /dev/input/event2: 0003 0036 000005ef
[   67451.285251] /dev/input/event2: 0003 003a 0000003b
[   67451.285251] /dev/input/event2: 0000 0000 00000000
[   67451.293711] /dev/input/event2: 0003 0035 00000341
[   67451.293711] /dev/input/event2: 0003 0036 0000060a
[   67451.293711] /dev/input/event2: 0000 0000 00000000
[   67451.302942] /dev/input/event2: 0003 0035 0000034e
[   67451.302942] /dev/input/event2: 0003 0036 00000622
[   67451.302942] /dev/input/event2: 0003 003a 00000043
[   67451.302942] /dev/input/event2: 0000 0000 00000000
[   67451.311421] /dev/input/event2: 0003 0035 00000357
[   67451.311421] /dev/input/event2: 0003 0036 00000636
[   67451.311421] /dev/input/event2: 0000 0000 00000000
[   67451.319849] /dev/input/event2: 0003 0035 0000035e
[   67451.319849] /dev/input/event2: 0003 0036 0000064a
[   67451.319849] /dev/input/event2: 0003 003a 00000044
[   67451.319849] /dev/input/event2: 0000 0000 00000000
[   67451.328296] /dev/input/event2: 0003 0035 00000362
[   67451.328296] /dev/input/event2: 0003 0036 0000065b
[   67451.328296] /dev/input/event2: 0000 0000 00000000
[   67451.336793] /dev/input/event2: 0003 0035 00000364
[   67451.336793] /dev/input/event2: 0003 0036 00000669
[   67451.336793] /dev/input/event2: 0003 003a 00000043
[   67451.336793] /dev/input/event2: 0000 0000 00000000
[   67451.345254] /dev/input/event2: 0003 0036 00000674
[   67451.345254] /dev/input/event2: 0003 003a 00000042
[   67451.345254] /dev/input/event2: 0000 0000 00000000
[   67451.353575] /dev/input/event2: 0003 0035 00000361
[   67451.353575] /dev/input/event2: 0003 0036 0000067b
[   67451.353575] /dev/input/event2: 0003 003a 00000041
[   67451.353575] /dev/input/event2: 0000 0000 00000000
[   67451.362190] /dev/input/event2: 0003 0035 0000035c
[   67451.362190] /dev/input/event2: 0003 0036 00000680
[   67451.362190] /dev/input/event2: 0003 003a 00000040
[   67451.362190] /dev/input/event2: 0000 0000 00000000
[   67451.370701] /dev/input/event2: 0003 0035 00000354
[   67451.370701] /dev/input/event2: 0003 0036 00000684
[   67451.370701] /dev/input/event2: 0000 0000 00000000
[   67451.378457] /dev/input/event2: 0003 0035 00000347
[   67451.378457] /dev/input/event2: 0003 0036 00000686
[   67451.378457] /dev/input/event2: 0003 003a 00000039
[   67451.378457] /dev/input/event2: 0000 0000 00000000
[   67451.386822] /dev/input/event2: 0003 0035 00000336
[   67451.386822] /dev/input/event2: 0003 0036 00000685
[   67451.386822] /dev/input/event2: 0003 003a 00000038
[   67451.386822] /dev/input/event2: 0000 0000 00000000
[   67451.396075] /dev/input/event2: 0003 0035 00000324
[   67451.396075] /dev/input/event2: 0003 0036 00000680
[   67451.396075] /dev/input/event2: 0003 003a 0000003f
[   67451.396075] /dev/input/event2: 0000 0000 00000000
[   67451.403915] /dev/input/event2: 0003 0035 00000312
[   67451.403915] /dev/input/event2: 0003 0036 00000675
[   67451.403915] /dev/input/event2: 0003 003a 00000038
[   67451.403915] /dev/input/event2: 0000 0000 00000000
[   67451.412283] /dev/input/event2: 0003 0035 000002ff
[   67451.412283] /dev/input/event2: 0003 0036 00000666
[   67451.412283] /dev/input/event2: 0000 0000 00000000
[   67451.421002] /dev/input/event2: 0003 0035 000002ed
[   67451.421002] /dev/input/event2: 0003 0036 00000656
[   67451.421002] /dev/input/event2: 0000 0000 00000000
[   67451.429350] /dev/input/event2: 0003 0035 000002dc
[   67451.429350] /dev/input/event2: 0003 0036 00000640
[   67451.429350] /dev/input/event2: 0000 0000 00000000
[   67451.437652] /dev/input/event2: 0003 0035 000002ce
[   67451.437652] /dev/input/event2: 0003 0036 0000062c
[   67451.437652] /dev/input/event2: 0000 0000 00000000
[   67451.446289] /dev/input/event2: 0003 0035 000002c3
[   67451.446289] /dev/input/event2: 0003 0036 00000618
[   67451.446289] /dev/input/event2: 0000 0000 00000000
[   67451.455409] /dev/input/event2: 0003 0035 000002bc
[   67451.455409] /dev/input/event2: 0003 0036 00000605
[   67451.455409] /dev/input/event2: 0003 003a 00000040
[   67451.455409] /dev/input/event2: 0000 0000 00000000
[   67451.463929] /dev/input/event2: 0003 0035 000002b7
[   67451.463929] /dev/input/event2: 0003 0036 000005f3
[   67451.463929] /dev/input/event2: 0003 003a 0000003f
[   67451.463929] /dev/input/event2: 0000 0000 00000000
[   67451.472371] /dev/input/event2: 0003 0035 000002b5
[   67451.472371] /dev/input/event2: 0003 0036 000005e3
[   67451.472371] /dev/input/event2: 0003 003a 00000040
[   67451.472371] /dev/input/event2: 0000 0000 00000000
[   67451.480809] /dev/input/event2: 0003 0036 000005d6
[   67451.480809] /dev/input/event2: 0000 0000 00000000
[   67451.489178] /dev/input/event2: 0003 0035 000002b7
[   67451.489178] /dev/input/event2: 0003 0036 000005ca
[   67451.489178] /dev/input/event2: 0000 0000 00000000
[   67451.497679] /dev/input/event2: 0003 0035 000002bb
[   67451.497679] /dev/input/event2: 0003 0036 000005c0
[   67451.497679] /dev/input/event2: 0000 0000 00000000
[   67451.506287] /dev/input/event2: 0003 0035 000002bf
[   67451.506287] /dev/input/event2: 0003 0036 000005b9
[   67451.506287] /dev/input/event2: 0000 0000 00000000
[   67451.514760] /dev/input/event2: 0003 0035 000002c4
[   67451.514760] /dev/input/event2: 0003 0036 000005b5
[   67451.514760] /dev/input/event2: 0000 0000 00000000
[   67451.523092] /dev/input/event2: 0003 0035 000002cc
[   67451.523092] /dev/input/event2: 0003 0036 000005b3
[   67451.523092] /dev/input/event2: 0000 0000 00000000
[   67451.531548] /dev/input/event2: 0003 0035 000002d8
[   67451.531548] /dev/input/event2: 0003 0036 000005b6
[   67451.531548] /dev/input/event2: 0003 003a 00000041
[   67451.531548] /dev/input/event2: 0000 0000 00000000
[   67451.539406] /dev/input/event2: 0003 0035 000002e7
[   67451.539406] /dev/input/event2: 0003 0036 000005c0
[   67451.539406] /dev/input/event2: 0003 003a 00000039
[   67451.539406] /dev/input/event2: 0000 0000 00000000
[   67451.547917] /dev/input/event2: 0003 0035 000002f7
[   67451.547917] /dev/input/event2: 0003 0036 000005d1
[   67451.547917] /dev/input/event2: 0000 0000 00000000
[   67451.556317] /dev/input/event2: 0003 0035 0000030b
[   67451.556317] /dev/input/event2: 0003 0036 000005ed
[   67451.556317] /dev/input/event2: 0003 003a 0000003a
[   67451.556317] /dev/input/event2: 0000 0000 00000000
[   67451.564866] /dev/input/event2: 0003 0035 00000320
[   67451.564866] /dev/input/event2: 0003 0036 0000060f
[   67451.564866] /dev/input/event2: 0000 0000 00000000
[   67451.573311] /dev/input/event2: 0003 0035 00000331
[   67451.573311] /dev/input/event2: 0003 0036 0000062f
[   67451.573311] /dev/input/event2: 0000 0000 00000000
[   67451.581940] /dev/input/event2: 0003 0035 0000033e
[   67451.581940] /dev/input/event2: 0003 0036 0000064a
[   67451.581940] /dev/input/event2: 0000 0000 00000000
[   67451.591027] /dev/input/event2: 0003 0035 00000346
[   67451.591027] /dev/input/event2: 0003 0036 0000065d
[   67451.591027] /dev/input/event2: 0003 003a 00000043
[   67451.591027] /dev/input/event2: 0000 0000 00000000
[   67451.599360] /dev/input/event2: 0003 0035 0000034b
[   67451.599360] /dev/input/event2: 0003 0036 0000066b
[   67451.599360] /dev/input/event2: 0003 003a 00000042
[   67451.599360] /dev/input/event2: 0000 0000 00000000
[   67451.607840] /dev/input/event2: 0003 0035 0000034e
[   67451.607840] /dev/input/event2: 0003 0036 00000673
[   67451.607840] /dev/input/event2: 0000 0000 00000000
[   67451.616302] /dev/input/event2: 0003 0035 00000350
[   67451.616302] /dev/input/event2: 0003 0036 00000678
[   67451.616302] /dev/input/event2: 0000 0000 00000000
[   67451.624745] /dev/input/event2: 0003 0036 0000067b
[   67451.624745] /dev/input/event2: 0000 0000 00000000
[   67451.633231] /dev/input/event2: 0003 0035 0000034f
[   67451.633231] /dev/input/event2: 0003 0036 0000067c
[   67451.633231] /dev/input/event2: 0003 003a 00000041
[   67451.633231] /dev/input/event2: 0000 0000 00000000
[   67451.641685] /dev/input/event2: 0003 0035 0000034e
[   67451.641685] /dev/input/event2: 0003 003a 00000040
[   67451.641685] /dev/input/event2: 0000 0000 00000000
[   67451.650411] /dev/input/event2: 0003 0035 0000034b
[   67451.650411] /dev/input/event2: 0003 0036 0000067a
[   67451.650411] /dev/input/event2: 0000 0000 00000000
[   67451.658724] /dev/input/event2: 0003 0035 00000346
[   67451.658724] /dev/input/event2: 0003 0036 00000675
[   67451.658724] /dev/input/event2: 0003 003a 00000041
[   67451.658724] /dev/input/event2: 0000 0000 00000000
[   67451.667289] /dev/input/event2: 0003 0035 0000033d
[   67451.667289] /dev/input/event2: 0003 0036 00000668
[   67451.667289] /dev/input/event2: 0003 003a 00000040
[   67451.667289] /dev/input/event2: 0000 0000 00000000
[   67451.675092] /dev/input/event2: 0003 0035 0000032f
[   67451.675092] /dev/input/event2: 0003 0036 00000653
[   67451.675092] /dev/input/event2: 0003 003a 00000039
[   67451.675092] /dev/input/event2: 0000 0000 00000000
[   67451.683548] /dev/input/event2: 0003 0035 00000320
[   67451.683548] /dev/input/event2: 0003 0036 00000636
[   67451.683548] /dev/input/event2: 0000 0000 00000000
[   67451.692067] /dev/input/event2: 0003 0035 00000313
[   67451.692067] /dev/input/event2: 0003 0036 0000061b
[   67451.692067] /dev/input/event2: 0000 0000 00000000
[   67451.700525] /dev/input/event2: 0003 0035 00000307
[   67451.700525] /dev/input/event2: 0003 0036 000005fa
[   67451.700525] /dev/input/event2: 0000 0000 00000000
[   67451.709625] /dev/input/event2: 0003 0035 00000300
[   67451.709625] /dev/input/event2: 0003 0036 000005e6
[   67451.709625] /dev/input/event2: 0003 003a 00000040
[   67451.709625] /dev/input/event2: 0000 0000 00000000
[   67451.718141] /dev/input/event2: 0003 0035 000002fc
[   67451.718141] /dev/input/event2: 0003 0036 000005d5
[   67451.718141] /dev/input/event2: 0003 003a 00000041
[   67451.718141] /dev/input/event2: 0000 0000 00000000
[   67451.726495] /dev/input/event2: 0003 0035 000002fa
[   67451.726495] /dev/input/event2: 0003 0036 000005c7
[   67451.726495] /dev/input/event2: 0000 0000 00000000
[   67451.734929] /dev/input/event2: 0003 0035 000002fb
[   67451.734929] /dev/input/event2: 0003 0036 000005bc
[   67451.734929] /dev/input/event2: 0003 003a 00000040
[   67451.734929] /dev/input/event2: 0000 0000 00000000
[   67451.743450] /dev/input/event2: 0003 0035 000002fd
[   67451.743450] /dev/input/event2: 0003 0036 000005b5
[   67451.743450] /dev/input/event2: 0003 003a 00000041
[   67451.743450] /dev/input/event2: 0000 0000 00000000
[   67451.751956] /dev/input/event2: 0003 0035 00000300
[   67451.751956] /dev/input/event2: 0003 0036 000005b0
[   67451.751956] /dev/input/event2: 0000 0000 00000000
[   67451.760504] /dev/input/event2: 0003 0035 00000305
[   67451.760504] /dev/input/event2: 0003 0036 000005ad
[   67451.760504] /dev/input/event2: 0000 0000 00000000
[   67451.769011] /dev/input/event2: 0003 0035 0000030c
[   67451.769011] /dev/input/event2: 0003 0036 000005ac
[   67451.769011] /dev/input/event2: 0000 0000 00000000
[   67451.777275] /dev/input/event2: 0003 0035 00000318
[   67451.777275] /dev/input/event2: 0003 0036 000005ae
[   67451.777275] /dev/input/event2: 0000 0000 00000000
[   67451.785775] /dev/input/event2: 0003 0035 00000327
[   67451.785775] /dev/input/event2: 0003 0036 000005b6
[   67451.785775] /dev/input/event2: 0000 0000 00000000
[   67451.794433] /dev/input/event2: 0003 0035 00000336
[   67451.794433] /dev/input/event2: 0003 0036 000005c2
[   67451.794433] /dev/input/event2: 0000 0000 00000000
[   67451.802144] /dev/input/event2: 0003 0035 00000346
[   67451.802144] /dev/input/event2: 0003 0036 000005d4
[   67451.802144] /dev/input/event2: 0003 003a 00000039
[   67451.802144] /dev/input/event2: 0000 0000 00000000
[   67451.810620] /dev/input/event2: 0003 0035 0000035a
[   67451.810620] /dev/input/event2: 0003 0036 000005f3
[   67451.810620] /dev/input/event2: 0003 003a 0000003a
[   67451.810620] /dev/input/event2: 0000 0000 00000000
[   67451.819139] /dev/input/event2: 0003 0035 0000036a
[   67451.819139] /dev/input/event2: 0003 0036 0000060c
[   67451.819139] /dev/input/event2: 0000 0000 00000000
[   67451.827615] /dev/input/event2: 0003 0035 0000037a
[   67451.827615] /dev/input/event2: 0003 0036 00000629
[   67451.827615] /dev/input/event2: 0000 0000 00000000
[   67451.836749] /dev/input/event2: 0003 0035 00000386
[   67451.836749] /dev/input/event2: 0003 0036 00000641
[   67451.836749] /dev/input/event2: 0003 003a 00000043
[   67451.836749] /dev/input/event2: 0000 0000 00000000
[   67451.845308] /dev/input/event2: 0003 0035 0000038e
[   67451.845308] /dev/input/event2: 0003 0036 00000654
[   67451.845308] /dev/input/event2: 0000 0000 00000000
[   67451.853786] /dev/input/event2: 0003 0035 00000393
[   67451.853786] /dev/input/event2: 0003 0036 00000664
[   67451.853786] /dev/input/event2: 0003 003a 00000044
[   67451.853786] /dev/input/event2: 0000 0000 00000000
[   67451.862129] /dev/input/event2: 0003 0035 00000395
[   67451.862129] /dev/input/event2: 0003 0036 00000672
[   67451.862129] /dev/input/event2: 0003 003a 00000043
[   67451.862129] /dev/input/event2: 0000 0000 00000000
[   67451.870521] /dev/input/event2: 0003 0035 00000394
[   67451.870521] /dev/input/event2: 0003 0036 0000067d
[   67451.870521] /dev/input/event2: 0000 0000 00000000
[   67451.879043] /dev/input/event2: 0003 0035 00000391
[   67451.879043] /dev/input/event2: 0003 0036 00000685
[   67451.879043] /dev/input/event2: 0000 0000 00000000
[   67451.887661] /dev/input/event2: 0003 0035 0000038c
[   67451.887661] /dev/input/event2: 0003 0036 0000068c
[   67451.887661] /dev/input/event2: 0003 003a 00000042
[   67451.887661] /dev/input/event2: 0000 0000 00000000
[   67451.896138] /dev/input/event2: 0003 0035 00000384
[   67451.896138] /dev/input/event2: 0003 0036 00000691
[   67451.896138] /dev/input/event2: 0003 003a 00000041
[   67451.896138] /dev/input/event2: 0000 0000 00000000
[   67451.903966] /dev/input/event2: 0003 0035 00000371
[   67451.903966] /dev/input/event2: 0003 0036 00000695
[   67451.903966] /dev/input/event2: 0003 003a 0000003a
[   67451.903966] /dev/input/event2: 0000 0000 00000000
[   67451.912437] /dev/input/event2: 0003 0035 00000358
[   67451.912437] /dev/input/event2: 0003 0036 00000692
[   67451.912437] /dev/input/event2: 0003 003a 00000038
[   67451.912437] /dev/input/event2: 0000 0000 00000000
[   67451.920857] /dev/input/event2: 0003 0035 00000336
[   67451.920857] /dev/input/event2: 0003 0036 00000687
[   67451.920857] /dev/input/event2: 0000 0000 00000000
[   67451.929203] /dev/input/event2: 0003 0035 00000316
[   67451.929203] /dev/input/event2: 0003 0036 00000675
[   67451.929203] /dev/input/event2: 0003 0031 00000003
[   67451.929203] /dev/input/event2: 0000 0000 00000000
[   67451.937670] /dev/input/event2: 0003 0035 000002f3
[   67451.937670] /dev/input/event2: 0003 0036 0000065d
[   67451.937670] /dev/input/event2: 0003 0031 00000004
[   67451.937670] /dev/input/event2: 0000 0000 00000000
[   67451.946318] /dev/input/event2: 0003 0035 000002d3
[   67451.946318] /dev/input/event2: 0003 0036 00000641
[   67451.946318] /dev/input/event2: 0000 0000 00000000
[   67451.954589] /dev/input/event2: 0003 0035 000002ad
[   67451.954589] /dev/input/event2: 0003 0036 0000061c
[   67451.954589] /dev/input/event2: 0000 0000 00000000
[   67451.963074] /dev/input/event2: 0003 0035 00000285
[   67451.963074] /dev/input/event2: 0003 0036 000005ee
[   67451.963074] /dev/input/event2: 0003 003a 00000037
[   67451.963074] /dev/input/event2: 0000 0000 00000000
[   67451.971599] /dev/input/event2: 0003 0035 0000025a
[   67451.971599] /dev/input/event2: 0003 0036 000005bb
[   67451.971599] /dev/input/event2: 0003 0031 00000003
[   67451.971599] /dev/input/event2: 0003 003a 00000036
[   67451.971599] /dev/input/event2: 0000 0000 00000000
[   67451.980021] /dev/input/event2: 0003 0035 00000235
[   67451.980021] /dev/input/event2: 0003 0036 00000588
[   67451.980021] /dev/input/event2: 0003 0031 00000004
[   67451.980021] /dev/input/event2: 0000 0000 00000000
[   67451.988535] /dev/input/event2: 0003 0035 00000211
[   67451.988535] /dev/input/event2: 0003 0036 00000558
[   67451.988535] /dev/input/event2: 0000 0000 00000000
[   67451.997226] /dev/input/event2: 0003 0035 000001f3
[   67451.997226] /dev/input/event2: 0003 0036 0000052a
[   67451.997226] /dev/input/event2: 0000 0000 00000000
[   67452.005549] /dev/input/event2: 0003 0035 000001d5
[   67452.005549] /dev/input/event2: 0003 0036 000004ff
[   67452.005549] /dev/input/event2: 0000 0000 00000000
[   67452.013973] /dev/input/event2: 0003 0035 000001b7
[   67452.013973] /dev/input/event2: 0003 0036 000004d2
[   67452.013973] /dev/input/event2: 0003 003a 00000034
[   67452.013973] /dev/input/event2: 0000 0000 00000000
[   67452.022391] /dev/input/event2: 0003 0035 0000019c
[   67452.022391] /dev/input/event2: 0003 0036 000004a5
[   67452.022391] /dev/input/event2: 0003 0031 00000003
[   67452.022391] /dev/input/event2: 0003 003a 0000002f
[   67452.022391] /dev/input/event2: 0000 0000 00000000
[   67452.030658] /dev/input/event2: 0003 0039 ffffffff
[   67452.030658] /dev/input/event2: 0000 0000 00000000
