[   68175.059987] /dev/input/event2: 0003 0039 0000129b
[   68175.059987] /dev/input/event2: 0003 0035 00000202
[   68175.059987] /dev/input/event2: 0003 0036 00000689
[   68175.059987] /dev/input/event2: 0003 003a 00000030
[   68175.059987] /dev/input/event2: 0000 0000 00000000
[   68175.076706] /dev/input/event2: 0003 003a 00000038
[   68175.076706] /dev/input/event2: 0000 0000 00000000
[   68175.085229] /dev/input/event2: 0003 0031 00000004
[   68175.085229] /dev/input/event2: 0000 0000 00000000
[   68175.102330] /dev/input/event2: 0003 003a 00000039
[   68175.102330] /dev/input/event2: 0000 0000 00000000
[   68175.119494] /dev/input/event2: 0003 003a 0000003a
[   68175.119494] /dev/input/event2: 0000 0000 00000000
[   68175.127903] /dev/input/event2: 0003 0036 00000687
[   68175.127903] /dev/input/event2: 0000 0000 00000000
[   68175.136568] /dev/input/event2: 0003 0036 00000682
[   68175.136568] /dev/input/event2: 0003 0031 00000003
[   68175.136568] /dev/input/event2: 0003 003a 0000003b
[   68175.136568] /dev/input/event2: 0000 0000 00000000
[   68175.145119] /dev/input/event2: 0003 0036 00000676
[   68175.145119] /dev/input/event2: 0003 0031 00000004
[   68175.145119] /dev/input/event2: 0003 003a 0000003c
[   68175.145119] /dev/input/event2: 0000 0000 00000000
[   68175.152772] /dev/input/event2: 0003 0036 00000660
[   68175.152772] /dev/input/event2: 0003 0031 00000003
[   68175.152772] /dev/input/event2: 0003 003a 00000035
[   68175.152772] /dev/input/event2: 0000 0000 00000000
[   68175.161313] /dev/input/event2: 0003 0035 00000201
[   68175.161313] /dev/input/event2: 0003 0036 00000641
[   68175.161313] /dev/input/event2: 0003 0031 00000004
[   68175.161313] /dev/input/event2: 0000 0000 00000000
[   68175.169784] /dev/input/event2: 0003 0035 000001ff
[   68175.169784] /dev/input/event2: 0003 0036 0000061f
[   68175.169784] /dev/input/event2: 0000 0000 00000000
[   68175.178487] /dev/input/event2: 0003 0035 000001fd
[   68175.178487] /dev/input/event2: 0003 0036 000005fd
[   68175.178487] /dev/input/event2: 0000 0000 00000000
[   68175.186894] /dev/input/event2: 0003 0035 000001fc
[   68175.186894] /dev/input/event2: 0003 0036 000005df
[   68175.186894] /dev/input/event2: 0003 0031 00000003
[   68175.186894] /dev/input/event2: 0000 0000 00000000
[   68175.195447] /dev/input/event2: 0003 0036 000005c3
[   68175.195447] /dev/input/event2: 0003 0031 00000004
[   68175.195447] /dev/input/event2: 0000 0000 00000000
[   68175.204266] /dev/input/event2: 0003 0035 000001fe
[   68175.204266] /dev/input/event2: 0003 0036 000005ab
[   68175.204266] /dev/input/event2: 0000 0000 00000000
[   68175.213321] /dev/input/event2: 0003 0035 00000201
[   68175.213321] /dev/input/event2: 0003 0036 00000596
[   68175.213321] /dev/input/event2: 0003 003a 0000003c
[   68175.213321] /dev/input/event2: 0000 0000 00000000
[   68175.221904] /dev/input/event2: 0003 0035 00000205
[   68175.221904] /dev/input/event2: 0003 0036 00000583
[   68175.221904] /dev/input/event2: 0000 0000 00000000
[   68175.230714] /dev/input/event2: 0003 0035 0000020a
[   68175.230714] /dev/input/event2: 0003 0036 00000571
[   68175.230714] /dev/input/event2: 0000 0000 00000000
[   68175.239024] /dev/input/event2: 0003 0035 00000210
[   68175.239024] /dev/input/event2: 0003 0036 00000562
[   68175.239024] /dev/input/event2: 0000 0000 00000000
[   68175.247386] /dev/input/event2: 0003 0035 00000218
[   68175.247386] /dev/input/event2: 0003 0036 00000554
[   68175.247386] /dev/input/event2: 0000 0000 00000000
[   68175.256101] /dev/input/event2: 0003 0035 00000222
[   68175.256101] /dev/input/event2: 0003 0036 00000548
[   68175.256101] /dev/input/event2: 0000 0000 00000000
[   68175.264521] /dev/input/event2: 0003 0035 0000022d
[   68175.264521] /dev/input/event2: 0003 0036 0000053d
[   68175.264521] /dev/input/event2: 0000 0000 00000000
[   68175.272289] /dev/input/event2: 0003 0035 0000023e
[   68175.272289] /dev/input/event2: 0003 0036 00000530
[   68175.272289] /dev/input/event2: 0003 0031 00000003
[   68175.272289] /dev/input/event2: 0003 003a 00000035
[   68175.272289] /dev/input/event2: 0000 0000 00000000
[   68175.280767] /dev/input/event2: 0003 0035 00000254
[   68175.280767] /dev/input/event2: 0003 0036 00000524
[   68175.280767] /dev/input/event2: 0000 0000 00000000
[   68175.289373] /dev/input/event2: 0003 0035 0000026e
[   68175.289373] /dev/input/event2: 0003 0036 0000051c
[   68175.289373] /dev/input/event2: 0003 0031 00000004
[   68175.289373] /dev/input/event2: 0000 0000 00000000
[   68175.297824] /dev/input/event2: 0003 0035 0000028d
[   68175.297824] /dev/input/event2: 0003 0036 00000519
[   68175.297824] /dev/input/event2: 0000 0000 00000000
[   68175.306281] /dev/input/event2: 0003 0035 000002b0
[   68175.306281] /dev/input/event2: 0003 0036 0000051c
[   68175.306281] /dev/input/event2: 0000 0000 00000000
[   68175.314864] /dev/input/event2: 0003 0035 000002d5
[   68175.314864] /dev/input/event2: 0003 0036 00000527
[   68175.314864] /dev/input/event2: 0003 0031 00000003
[   68175.314864] /dev/input/event2: 0000 0000 00000000
[   68175.323383] /dev/input/event2: 0003 0035 000002fc
[   68175.323383] /dev/input/event2: 0003 0036 00000538
[   68175.323383] /dev/input/event2: 0003 0031 00000004
[   68175.323383] /dev/input/event2: 0003 003a 00000036
[   68175.323383] /dev/input/event2: 0000 0000 00000000
[   68175.331923] /dev/input/event2: 0003 0035 0000031f
[   68175.331923] /dev/input/event2: 0003 0036 0000054c
[   68175.331923] /dev/input/event2: 0000 0000 00000000
[   68175.340460] /dev/input/event2: 0003 0035 00000340
[   68175.340460] /dev/input/event2: 0003 0036 00000564
[   68175.340460] /dev/input/event2: 0000 0000 00000000
[   68175.348987] /dev/input/event2: 0003 0035 0000035b
[   68175.348987] /dev/input/event2: 0003 0036 0000057d
[   68175.348987] /dev/input/event2: 0000 0000 00000000
[   68175.357550] /dev/input/event2: 0003 0035 00000373
[   68175.357550] /dev/input/event2: 0003 0036 00000599
[   68175.357550] /dev/input/event2: 0000 0000 00000000
[   68175.366080] /dev/input/event2: 0003 0035 00000388
[   68175.366080] /dev/input/event2: 0003 0036 000005ba
[   68175.366080] /dev/input/event2: 0003 0031 00000003
[   68175.366080] /dev/input/event2: 0003 003a 00000037
[   68175.366080] /dev/input/event2: 0000 0000 00000000
[   68175.374733] /dev/input/event2: 0003 0035 00000399
[   68175.374733] /dev/input/event2: 0003 0036 000005dc
[   68175.374733] /dev/input/event2: 0003 0031 00000004
[   68175.374733] /dev/input/event2: 0000 0000 00000000
[   68175.383128] /dev/input/event2: 0003 0035 000003a4
[   68175.383128] /dev/input/event2: 0003 0036 000005fd
[   68175.383128] /dev/input/event2: 0000 0000 00000000
[   68175.391658] /dev/input/event2: 0003 0035 000003a9
[   68175.391658] /dev/input/event2: 0003 0036 0000061a
[   68175.391658] /dev/input/event2: 0000 0000 00000000
[   68175.400229] /dev/input/event2: 0003 0036 00000632
[   68175.400229] /dev/input/event2: 0000 0000 00000000
[   68175.408696] /dev/input/event2: 0003 0035 000003a7
[   68175.408696] /dev/input/event2: 0003 0036 00000647
[   68175.408696] /dev/input/event2: 0000 0000 00000000
[   68175.417946] /dev/input/event2: 0003 0035 000003a3
[   68175.417946] /dev/input/event2: 0003 0036 0000065a
[   68175.417946] /dev/input/event2: 0003 0031 00000003
[   68175.417946] /dev/input/event2: 0003 003a 0000003d
[   68175.417946] /dev/input/event2: 0000 0000 00000000
[   68175.426442] /dev/input/event2: 0003 0035 0000039d
[   68175.426442] /dev/input/event2: 0003 0036 00000669
[   68175.426442] /dev/input/event2: 0003 0031 00000004
[   68175.426442] /dev/input/event2: 0000 0000 00000000
[   68175.435158] /dev/input/event2: 0003 0035 00000396
[   68175.435158] /dev/input/event2: 0003 0036 00000675
[   68175.435158] /dev/input/event2: 0000 0000 00000000
[   68175.443732] /dev/input/event2: 0003 0035 0000038f
[   68175.443732] /dev/input/event2: 0003 0036 0000067e
[   68175.443732] /dev/input/event2: 0000 0000 00000000
[   68175.452161] /dev/input/event2: 0003 0035 00000389
[   68175.452161] /dev/input/event2: 0003 0036 00000683
[   68175.452161] /dev/input/event2: 0000 0000 00000000
[   68175.460765] /dev/input/event2: 0003 0035 00000381
[   68175.460765] /dev/input/event2: 0003 0036 00000687
[   68175.460765] /dev/input/event2: 0003 0031 00000003
[   68175.460765] /dev/input/event2: 0003 003a 0000003c
[   68175.460765] /dev/input/event2: 0000 0000 00000000
[   68175.469277] /dev/input/event2: 0003 0035 00000376
[   68175.469277] /dev/input/event2: 0003 0036 00000689
[   68175.469277] /dev/input/event2: 0000 0000 00000000
[   68175.477724] /dev/input/event2: 0003 0035 00000369
[   68175.477724] /dev/input/event2: 0003 0036 00000687
[   68175.477724] /dev/input/event2: 0003 0031 00000004
[   68175.477724] /dev/input/event2: 0000 0000 00000000
[   68175.486212] /dev/input/event2: 0003 0035 0000035b
[   68175.486212] /dev/input/event2: 0003 0036 00000680
[   68175.486212] /dev/input/event2: 0000 0000 00000000
[   68175.494129] /dev/input/event2: 0003 0035 0000034b
[   68175.494129] /dev/input/event2: 0003 0036 00000672
[   68175.494129] /dev/input/event2: 0003 003a 00000037
[   68175.494129] /dev/input/event2: 0000 0000 00000000
[   68175.502548] /dev/input/event2: 0003 0035 00000337
[   68175.502548] /dev/input/event2: 0003 0036 0000065e
[   68175.502548] /dev/input/event2: 0000 0000 00000000
[   68175.511131] /dev/input/event2: 0003 0035 0000031e
[   68175.511131] /dev/input/event2: 0003 0036 0000063e
[   68175.511131] /dev/input/event2: 0000 0000 00000000
[   68175.519577] /dev/input/event2: 0003 0035 00000306
[   68175.519577] /dev/input/event2: 0003 0036 0000061c
[   68175.519577] /dev/input/event2: 0000 0000 00000000
[   68175.528145] /dev/input/event2: 0003 0035 000002ee
[   68175.528145] /dev/input/event2: 0003 0036 000005f8
[   68175.528145] /dev/input/event2: 0003 003a 00000036
[   68175.528145] /dev/input/event2: 0000 0000 00000000
[   68175.536713] /dev/input/event2: 0003 0035 000002d9
[   68175.536713] /dev/input/event2: 0003 0036 000005d6
[   68175.536713] /dev/input/event2: 0003 0031 00000003
[   68175.536713] /dev/input/event2: 0000 0000 00000000
[   68175.545159] /dev/input/event2: 0003 0035 000002c7
[   68175.545159] /dev/input/event2: 0003 0036 000005b4
[   68175.545159] /dev/input/event2: 0003 0031 00000004
[   68175.545159] /dev/input/event2: 0003 003a 00000035
[   68175.545159] /dev/input/event2: 0000 0000 00000000
[   68175.553709] /dev/input/event2: 0003 0035 000002b9
[   68175.553709] /dev/input/event2: 0003 0036 00000597
[   68175.553709] /dev/input/event2: 0003 003a 00000036
[   68175.553709] /dev/input/event2: 0000 0000 00000000
[   68175.562270] /dev/input/event2: 0003 0035 000002af
[   68175.562270] /dev/input/event2: 0003 0036 0000057c
[   68175.562270] /dev/input/event2: 0003 003a 00000035
[   68175.562270] /dev/input/event2: 0000 0000 00000000
[   68175.570881] /dev/input/event2: 0003 0035 000002a7
[   68175.570881] /dev/input/event2: 0003 0036 00000565
[   68175.570881] /dev/input/event2: 0000 0000 00000000
[   68175.580154] /dev/input/event2: 0003 0035 000002a1
[   68175.580154] /dev/input/event2: 0003 0036 00000552
[   68175.580154] /dev/input/event2: 0003 003a 0000003c
[   68175.580154] /dev/input/event2: 0000 0000 00000000
[   68175.588633] /dev/input/event2: 0003 0035 0000029e
[   68175.588633] /dev/input/event2: 0003 0036 00000542
[   68175.588633] /dev/input/event2: 0003 003a 0000003d
[   68175.588633] /dev/input/event2: 0000 0000 00000000
[   68175.597189] /dev/input/event2: 0003 0035 0000029d
[   68175.597189] /dev/input/event2: 0003 0036 00000535
[   68175.597189] /dev/input/event2: 0000 0000 00000000
[   68175.605746] /dev/input/event2: 0003 0036 0000052b
[   68175.605746] /dev/input/event2: 0003 0031 00000003
[   68175.605746] /dev/input/event2: 0003 003a 0000003c
[   68175.605746] /dev/input/event2: 0000 0000 00000000
[   68175.614235] /dev/input/event2: 0003 0035 0000029e
[   68175.614235] /dev/input/event2: 0003 0036 00000523
[   68175.614235] /dev/input/event2: 0003 003a 0000003b
[   68175.614235] /dev/input/event2: 0000 0000 00000000
[   68175.622752] /dev/input/event2: 0003 0035 000002a0
[   68175.622752] /dev/input/event2: 0003 0036 0000051f
[   68175.622752] /dev/input/event2: 0000 0000 00000000
[   68175.631293] /dev/input/event2: 0003 0035 000002a6
[   68175.631293] /dev/input/event2: 0003 0036 0000051c
[   68175.631293] /dev/input/event2: 0003 0031 00000004
[   68175.631293] /dev/input/event2: 0003 003a 0000003a
[   68175.631293] /dev/input/event2: 0000 0000 00000000
[   68175.639941] /dev/input/event2: 0003 0035 000002b1
[   68175.639941] /dev/input/event2: 0003 0036 0000051d
[   68175.639941] /dev/input/event2: 0003 003a 0000003b
[   68175.639941] /dev/input/event2: 0000 0000 00000000
[   68175.647662] /dev/input/event2: 0003 0035 000002c2
[   68175.647662] /dev/input/event2: 0003 0036 00000527
[   68175.647662] /dev/input/event2: 0003 003a 00000035
[   68175.647662] /dev/input/event2: 0000 0000 00000000
[   68175.656139] /dev/input/event2: 0003 0035 000002d9
[   68175.656139] /dev/input/event2: 0003 0036 00000538
[   68175.656139] /dev/input/event2: 0003 003a 00000036
[   68175.656139] /dev/input/event2: 0000 0000 00000000
[   68175.664655] /dev/input/event2: 0003 0035 000002f2
[   68175.664655] /dev/input/event2: 0003 0036 00000554
[   68175.664655] /dev/input/event2: 0000 0000 00000000
[   68175.673169] /dev/input/event2: 0003 0035 00000310
[   68175.673169] /dev/input/event2: 0003 0036 0000057c
[   68175.673169] /dev/input/event2: 0000 0000 00000000
[   68175.681774] /dev/input/event2: 0003 0035 0000032b
[   68175.681774] /dev/input/event2: 0003 0036 000005a6
[   68175.681774] /dev/input/event2: 0000 0000 00000000
[   68175.690382] /dev/input/event2: 0003 0035 00000343
[   68175.690382] /dev/input/event2: 0003 0036 000005d1
[   68175.690382] /dev/input/event2: 0000 0000 00000000
[   68175.698709] /dev/input/event2: 0003 0035 00000355
[   68175.698709] /dev/input/event2: 0003 0036 000005f8
[   68175.698709] /dev/input/event2: 0003 003a 00000037
[   68175.698709] /dev/input/event2: 0000 0000 00000000
[   68175.707519] /dev/input/event2: 0003 0035 00000362
[   68175.707519] /dev/input/event2: 0003 0036 00000617
[   68175.707519] /dev/input/event2: 0000 0000 00000000
[   68175.715904] /dev/input/event2: 0003 0035 0000036b
[   68175.715904] /dev/input/event2: 0003 0036 0000062e
[   68175.715904] /dev/input/event2: 0000 0000 00000000
[   68175.725031] /dev/input/event2: 0003 0035 00000370
[   68175.725031] /dev/input/event2: 0003 0036 0000063c
[   68175.725031] /dev/input/event2: 0003 003a 0000003d
[   68175.725031] /dev/input/event2: 0000 0000 00000000
[   68175.733523] /dev/input/event2: 0003 0035 00000373
[   68175.733523] /dev/input/event2: 0003 0036 00000644
[   68175.733523] /dev/input/event2: 0000 0000 00000000
[   68175.742135] /dev/input/event2: 0003 0035 00000375
[   68175.742135] /dev/input/event2: 0003 0036 00000649
[   68175.742135] /dev/input/event2: 0000 0000 00000000
[   68175.750773] /dev/input/event2: 0003 0036 0000064b
[   68175.750773] /dev/input/event2: 0000 0000 00000000
[   68175.759329] /dev/input/event2: 0003 0035 00000374
[   68175.759329] /dev/input/event2: 0003 0031 00000003
[   68175.759329] /dev/input/event2: 0000 0000 00000000
[   68175.767751] /dev/input/event2: 0003 0035 00000372
[   68175.767751] /dev/input/event2: 0003 0036 00000649
[   68175.767751] /dev/input/event2: 0003 0031 00000004
[   68175.767751] /dev/input/event2: 0003 003a 0000003c
[   68175.767751] /dev/input/event2: 0000 0000 00000000
[   68175.775607] /dev/input/event2: 0003 0035 00000369
[   68175.775607] /dev/input/event2: 0003 0036 0000063a
[   68175.775607] /dev/input/event2: 0003 003a 00000037
[   68175.775607] /dev/input/event2: 0000 0000 00000000
[   68175.784081] /dev/input/event2: 0003 0035 00000357
[   68175.784081] /dev/input/event2: 0003 0036 00000619
[   68175.784081] /dev/input/event2: 0000 0000 00000000
[   68175.792606] /dev/input/event2: 0003 0035 00000343
[   68175.792606] /dev/input/event2: 0003 0036 000005f2
[   68175.792606] /dev/input/event2: 0003 003a 00000036
[   68175.792606] /dev/input/event2: 0000 0000 00000000
[   68175.801149] /dev/input/event2: 0003 0035 00000333
[   68175.801149] /dev/input/event2: 0003 0036 000005d3
[   68175.801149] /dev/input/event2: 0000 0000 00000000
[   68175.809610] /dev/input/event2: 0003 0035 00000326
[   68175.809610] /dev/input/event2: 0003 0036 000005b9
[   68175.809610] /dev/input/event2: 0000 0000 00000000
[   68175.818152] /dev/input/event2: 0003 0035 0000031c
[   68175.818152] /dev/input/event2: 0003 0036 000005a2
[   68175.818152] /dev/input/event2: 0000 0000 00000000
[   68175.827421] /dev/input/event2: 0003 0035 00000316
[   68175.827421] /dev/input/event2: 0003 0036 00000592
[   68175.827421] /dev/input/event2: 0003 003a 0000003c
[   68175.827421] /dev/input/event2: 0000 0000 00000000
[   68175.835920] /dev/input/event2: 0003 0035 00000312
[   68175.835920] /dev/input/event2: 0003 0036 00000587
[   68175.835920] /dev/input/event2: 0003 003a 0000003d
[   68175.835920] /dev/input/event2: 0000 0000 00000000
[   68175.844443] /dev/input/event2: 0003 0035 00000310
[   68175.844443] /dev/input/event2: 0003 0036 0000057e
[   68175.844443] /dev/input/event2: 0000 0000 00000000
[   68175.853117] /dev/input/event2: 0003 0036 00000579
[   68175.853117] /dev/input/event2: 0000 0000 00000000
[   68175.861619] /dev/input/event2: 0003 0035 00000311
[   68175.861619] /dev/input/event2: 0003 0036 00000576
[   68175.861619] /dev/input/event2: 0000 0000 00000000
[   68175.870267] /dev/input/event2: 0003 0035 00000313
[   68175.870267] /dev/input/event2: 0003 0036 00000575
[   68175.870267] /dev/input/event2: 0000 0000 00000000
[   68175.878782] /dev/input/event2: 0003 0035 0000031b
[   68175.878782] /dev/input/event2: 0003 0036 00000577
[   68175.878782] /dev/input/event2: 0003 0031 00000003
[   68175.878782] /dev/input/event2: 0003 003a 0000003c
[   68175.878782] /dev/input/event2: 0000 0000 00000000
[   68175.886511] /dev/input/event2: 0003 0035 0000032b
[   68175.886511] /dev/input/event2: 0003 0036 00000582
[   68175.886511] /dev/input/event2: 0003 0031 00000004
[   68175.886511] /dev/input/event2: 0003 003a 00000035
[   68175.886511] /dev/input/event2: 0000 0000 00000000
[   68175.895015] /dev/input/event2: 0003 0035 0000033e
[   68175.895015] /dev/input/event2: 0003 0036 00000595
[   68175.895015] /dev/input/event2: 0003 0031 00000003
[   68175.895015] /dev/input/event2: 0000 0000 00000000
[   68175.903487] /dev/input/event2: 0003 0035 00000357
[   68175.903487] /dev/input/event2: 0003 0036 000005b4
[   68175.903487] /dev/input/event2: 0003 0031 00000004
[   68175.903487] /dev/input/event2: 0000 0000 00000000
[   68175.912010] /dev/input/event2: 0003 0035 00000371
[   68175.912010] /dev/input/event2: 0003 0036 000005d9
[   68175.912010] /dev/input/event2: 0003 003a 00000036
[   68175.912010] /dev/input/event2: 0000 0000 00000000
[   68175.920543] /dev/input/event2: 0003 0035 00000387
[   68175.920543] /dev/input/event2: 0003 0036 000005fd
[   68175.920543] /dev/input/event2: 0000 0000 00000000
[   68175.929156] /dev/input/event2: 0003 0035 00000399
[   68175.929156] /dev/input/event2: 0003 0036 00000622
[   68175.929156] /dev/input/event2: 0003 0031 00000003
[   68175.929156] /dev/input/event2: 0003 003a 00000037
[   68175.929156] /dev/input/event2: 0000 0000 00000000
[   68175.937659] /dev/input/event2: 0003 0035 000003a6
[   68175.937659] /dev/input/event2: 0003 0036 00000641
[   68175.937659] /dev/input/event2: 0003 0031 00000004
[   68175.937659] /dev/input/event2: 0003 003a 00000036
[   68175.937659] /dev/input/event2: 0000 0000 00000000
[   68175.946116] /dev/input/event2: 0003 0035 000003ad
[   68175.946116] /dev/input/event2: 0003 0036 00000658
[   68175.946116] /dev/input/event2: 0003 003a 00000037
[   68175.946116] /dev/input/event2: 0000 0000 00000000
[   68175.955426] /dev/input/event2: 0003 0035 000003b1
[   68175.955426] /dev/input/event2: 0003 0036 00000668
[   68175.955426] /dev/input/event2: 0003 0031 00000003
[   68175.955426] /dev/input/event2: 0003 003a 0000003d
[   68175.955426] /dev/input/event2: 0000 0000 00000000
[   68175.964119] /dev/input/event2: 0003 0035 000003b2
[   68175.964119] /dev/input/event2: 0003 0036 00000674
[   68175.964119] /dev/input/event2: 0000 0000 00000000
[   68175.972658] /dev/input/event2: 0003 0036 0000067d
[   68175.972658] /dev/input/event2: 0000 0000 00000000
[   68175.981091] /dev/input/event2: 0003 0035 000003b1
[   68175.981091] /dev/input/event2: 0003 0036 00000685
[   68175.981091] /dev/input/event2: 0003 0031 00000004
[   68175.981091] /dev/input/event2: 0000 0000 00000000
[   68175.989689] /dev/input/event2: 0003 0035 000003af
[   68175.989689] /dev/input/event2: 0003 0036 0000068a
[   68175.989689] /dev/input/event2: 0000 0000 00000000
[   68175.998167] /dev/input/event2: 0003 0035 000003ac
[   68175.998167] /dev/input/event2: 0003 0036 0000068d
[   68175.998167] /dev/input/event2: 0003 0031 00000003
[   68175.998167] /dev/input/event2: 0000 0000 00000000
[   68176.006632] /dev/input/event2: 0003 0035 000003a7
[   68176.006632] /dev/input/event2: 0003 0036 0000068f
[   68176.006632] /dev/input/event2: 0000 0000 00000000
[   68176.015244] /dev/input/event2: 0003 0035 0000039e
[   68176.015244] /dev/input/event2: 0000 0000 00000000
[   68176.023825] /dev/input/event2: 0003 0035 00000392
[   68176.023825] /dev/input/event2: 0003 0036 0000068b
[   68176.023825] /dev/input/event2: 0003 0031 00000004
[   68176.023825] /dev/input/event2: 0003 003a 0000003c
[   68176.023825] /dev/input/event2: 0000 0000 00000000
[   68176.032237] /dev/input/event2: 0003 0035 00000382
[   68176.032237] /dev/input/event2: 0003 0036 00000680
[   68176.032237] /dev/input/event2: 0000 0000 00000000
[   68176.039985] /dev/input/event2: 0003 0035 0000036a
[   68176.039985] /dev/input/event2: 0003 0036 0000066a
[   68176.039985] /dev/input/event2: 0003 003a 00000036
[   68176.039985] /dev/input/event2: 0000 0000 00000000
[   68176.048713] /dev/input/event2: 0003 0035 0000034a
[   68176.048713] /dev/input/event2: 0003 0036 00000644
[   68176.048713] /dev/input/event2: 0003 0031 00000003
[   68176.048713] /dev/input/event2: 0000 0000 00000000
[   68176.057032] /dev/input/event2: 0003 0035 00000324
[   68176.057032] /dev/input/event2: 0003 0036 00000615
[   68176.057032] /dev/input/event2: 0003 0031 00000004
[   68176.057032] /dev/input/event2: 0003 003a 00000037
[   68176.057032] /dev/input/event2: 0000 0000 00000000
[   68176.065615] /dev/input/event2: 0003 0035 000002fa
[   68176.065615] /dev/input/event2: 0003 0036 000005d6
[   68176.065615] /dev/input/event2: 0003 003a 00000035
[   68176.065615] /dev/input/event2: 0000 0000 00000000
[   68176.074099] /dev/input/event2: 0003 0035 000002d4
[   68176.074099] /dev/input/event2: 0003 0036 0000059e
[   68176.074099] /dev/input/event2: 0000 0000 00000000
[   68176.082643] /dev/input/event2: 0003 0035 000002ae
[   68176.082643] /dev/input/event2: 0003 0036 0000055a
[   68176.082643] /dev/input/event2: 0000 0000 00000000
[   68176.091268] /dev/input/event2: 0003 0035 00000289
[   68176.091268] /dev/input/event2: 0003 0036 00000525
[   68176.091268] /dev/input/event2: 0003 0031 00000003
[   68176.091268] /dev/input/event2: 0003 003a 00000036
[   68176.091268] /dev/input/event2: 0000 0000 00000000
[   68176.099805] /dev/input/event2: 0003 0035 00000262
[   68176.099805] /dev/input/event2: 0003 0036 000004eb
[   68176.099805] /dev/input/event2: 0003 0031 00000004
[   68176.099805] /dev/input/event2: 0003 003a 00000035
[   68176.099805] /dev/input/event2: 0000 0000 00000000
[   68176.108246] /dev/input/event2: 0003 0035 0000023d
[   68176.108246] /dev/input/event2: 0003 0036 000004b8
[   68176.108246] /dev/input/event2: 0003 003a 00000034
[   68176.108246] /dev/input/event2: 0000 0000 00000000
[   68176.116833] /dev/input/event2: 0003 0035 0000021d
[   68176.116833] /dev/input/event2: 0003 0036 00000485
[   68176.116833] /dev/input/event2: 0000 0000 00000000
[   68176.125296] /dev/input/event2: 0003 0035 00000204
[   68176.125296] /dev/input/event2: 0003 0036 0000045f
[   68176.125296] /dev/input/event2: 0000 0000 00000000
[   68176.133816] /dev/input/event2: 0003 0035 000001ec
[   68176.133816] /dev/input/event2: 0003 0036 00000437
[   68176.133816] /dev/input/event2: 0000 0000 00000000
[   68176.142692] /dev/input/event2: 0003 0035 000001d2
[   68176.142692] /dev/input/event2: 0003 0036 00000411
[   68176.142692] /dev/input/event2: 0000 0000 00000000
[   68176.151160] /dev/input/event2: 0003 0035 000001b0
[   68176.151160] /dev/input/event2: 0003 0036 000003e5
[   68176.151160] /dev/input/event2: 0003 003a 00000030
[   68176.151160] /dev/input/event2: 0000 0000 00000000
[   68176.159186] /dev/input/event2: 0003 0039 ffffffff
[   68176.159186] /dev/input/event2: 0000 0000 00000000
