[   45181.113615] /dev/input/event2: 0003 0039 0000020e
[   45181.113615] /dev/input/event2: 0003 0035 00000210
[   45181.113615] /dev/input/event2: 0003 0036 0000068f
[   45181.113615] /dev/input/event2: 0003 0031 00000003
[   45181.113615] /dev/input/event2: 0003 003a 0000003a
[   45181.113615] /dev/input/event2: 0000 0000 00000000
[   45181.130328] /dev/input/event2: 0003 0031 00000004
[   45181.130328] /dev/input/event2: 0003 003a 0000003e
[   45181.130328] /dev/input/event2: 0000 0000 00000000
[   45181.138920] /dev/input/event2: 0003 003a 0000003b
[   45181.138920] /dev/input/event2: 0000 0000 00000000
[   45181.181209] /dev/input/event2: 0003 0035 0000020f
[   45181.181209] /dev/input/event2: 0003 0036 0000068e
[   45181.181209] /dev/input/event2: 0003 003a 0000003a
[   45181.181209] /dev/input/event2: 0000 0000 00000000
[   45181.189516] /dev/input/event2: 0003 0035 0000020d
[   45181.189516] /dev/input/event2: 0003 0036 0000068c
[   45181.189516] /dev/input/event2: 0000 0000 00000000
[   45181.197983] /dev/input/event2: 0003 0035 0000020a
[   45181.197983] /dev/input/event2: 0003 0036 00000686
[   45181.197983] /dev/input/event2: 0003 0031 00000003
[   45181.197983] /dev/input/event2: 0003 003a 0000003b
[   45181.197983] /dev/input/event2: 0000 0000 00000000
[   45181.206596] /dev/input/event2: 0003 0035 00000205
[   45181.206596] /dev/input/event2: 0003 0036 0000067a
[   45181.206596] /dev/input/event2: 0003 0031 00000004
[   45181.206596] /dev/input/event2: 0003 003a 0000003a
[   45181.206596] /dev/input/event2: 0000 0000 00000000
[   45181.214205] /dev/input/event2: 0003 0035 000001ff
[   45181.214205] /dev/input/event2: 0003 0036 00000667
[   45181.214205] /dev/input/event2: 0003 003a 00000035
[   45181.214205] /dev/input/event2: 0000 0000 00000000
[   45181.223041] /dev/input/event2: 0003 0035 000001fa
[   45181.223041] /dev/input/event2: 0003 0036 0000064e
[   45181.223041] /dev/input/event2: 0000 0000 00000000
[   45181.231128] /dev/input/event2: 0003 0035 000001f7
[   45181.231128] /dev/input/event2: 0003 0036 00000633
[   45181.231128] /dev/input/event2: 0003 003a 00000036
[   45181.231128] /dev/input/event2: 0000 0000 00000000
[   45181.240324] /dev/input/event2: 0003 0035 000001f6
[   45181.240324] /dev/input/event2: 0003 0036 00000615
[   45181.240324] /dev/input/event2: 0000 0000 00000000
[   45181.248621] /dev/input/event2: 0003 0035 000001f7
[   45181.248621] /dev/input/event2: 0003 0036 000005f9
[   45181.248621] /dev/input/event2: 0000 0000 00000000
[   45181.256619] /dev/input/event2: 0003 0035 000001f9
[   45181.256619] /dev/input/event2: 0003 0036 000005dd
[   45181.256619] /dev/input/event2: 0000 0000 00000000
[   45181.265048] /dev/input/event2: 0003 0035 000001fc
[   45181.265048] /dev/input/event2: 0003 0036 000005c2
[   45181.265048] /dev/input/event2: 0000 0000 00000000
[   45181.273584] /dev/input/event2: 0003 0035 00000200
[   45181.273584] /dev/input/event2: 0003 0036 000005ab
[   45181.273584] /dev/input/event2: 0000 0000 00000000
[   45181.282814] /dev/input/event2: 0003 0035 00000204
[   45181.282814] /dev/input/event2: 0003 0036 00000596
[   45181.282814] /dev/input/event2: 0003 003a 0000003d
[   45181.282814] /dev/input/event2: 0000 0000 00000000
[   45181.291282] /dev/input/event2: 0003 0035 00000209
[   45181.291282] /dev/input/event2: 0003 0036 00000582
[   45181.291282] /dev/input/event2: 0003 003a 0000003c
[   45181.291282] /dev/input/event2: 0000 0000 00000000
[   45181.299826] /dev/input/event2: 0003 0035 0000020e
[   45181.299826] /dev/input/event2: 0003 0036 00000570
[   45181.299826] /dev/input/event2: 0000 0000 00000000
[   45181.308246] /dev/input/event2: 0003 0035 00000214
[   45181.308246] /dev/input/event2: 0003 0036 00000560
[   45181.308246] /dev/input/event2: 0000 0000 00000000
[   45181.316589] /dev/input/event2: 0003 0035 0000021b
[   45181.316589] /dev/input/event2: 0003 0036 00000553
[   45181.316589] /dev/input/event2: 0000 0000 00000000
[   45181.325193] /dev/input/event2: 0003 0035 00000224
[   45181.325193] /dev/input/event2: 0003 0036 00000549
[   45181.325193] /dev/input/event2: 0000 0000 00000000
[   45181.333675] /dev/input/event2: 0003 0035 0000022f
[   45181.333675] /dev/input/event2: 0003 0036 0000053f
[   45181.333675] /dev/input/event2: 0000 0000 00000000
[   45181.341339] /dev/input/event2: 0003 0035 00000241
[   45181.341339] /dev/input/event2: 0003 0036 00000536
[   45181.341339] /dev/input/event2: 0003 003a 00000036
[   45181.341339] /dev/input/event2: 0000 0000 00000000
[   45181.349813] /dev/input/event2: 0003 0035 00000258
[   45181.349813] /dev/input/event2: 0003 0036 00000530
[   45181.349813] /dev/input/event2: 0000 0000 00000000
[   45181.358224] /dev/input/event2: 0003 0035 00000274
[   45181.358224] /dev/input/event2: 0003 0036 0000052f
[   45181.358224] /dev/input/event2: 0003 003a 00000037
[   45181.358224] /dev/input/event2: 0000 0000 00000000
[   45181.366696] /dev/input/event2: 0003 0035 00000293
[   45181.366696] /dev/input/event2: 0003 0036 00000534
[   45181.366696] /dev/input/event2: 0000 0000 00000000
[   45181.375167] /dev/input/event2: 0003 0035 000002b6
[   45181.375167] /dev/input/event2: 0003 0036 00000540
[   45181.375167] /dev/input/event2: 0003 003a 00000038
[   45181.375167] /dev/input/event2: 0000 0000 00000000
[   45181.383781] /dev/input/event2: 0003 0035 000002d7
[   45181.383781] /dev/input/event2: 0003 0036 00000552
[   45181.383781] /dev/input/event2: 0003 003a 00000039
[   45181.383781] /dev/input/event2: 0000 0000 00000000
[   45181.392126] /dev/input/event2: 0003 0035 000002f7
[   45181.392126] /dev/input/event2: 0003 0036 0000056a
[   45181.392126] /dev/input/event2: 0000 0000 00000000
[   45181.400761] /dev/input/event2: 0003 0035 00000314
[   45181.400761] /dev/input/event2: 0003 0036 00000588
[   45181.400761] /dev/input/event2: 0000 0000 00000000
[   45181.409218] /dev/input/event2: 0003 0035 0000032f
[   45181.409218] /dev/input/event2: 0003 0036 000005ab
[   45181.409218] /dev/input/event2: 0003 003a 0000003a
[   45181.409218] /dev/input/event2: 0000 0000 00000000
[   45181.417657] /dev/input/event2: 0003 0035 00000346
[   45181.417657] /dev/input/event2: 0003 0036 000005d4
[   45181.417657] /dev/input/event2: 0000 0000 00000000
[   45181.426159] /dev/input/event2: 0003 0035 00000356
[   45181.426159] /dev/input/event2: 0003 0036 000005fc
[   45181.426159] /dev/input/event2: 0000 0000 00000000
[   45181.434710] /dev/input/event2: 0003 0035 0000035f
[   45181.434710] /dev/input/event2: 0003 0036 0000061f
[   45181.434710] /dev/input/event2: 0003 003a 0000003b
[   45181.434710] /dev/input/event2: 0000 0000 00000000
[   45181.443809] /dev/input/event2: 0003 0035 00000362
[   45181.443809] /dev/input/event2: 0003 0036 0000063a
[   45181.443809] /dev/input/event2: 0003 003a 00000042
[   45181.443809] /dev/input/event2: 0000 0000 00000000
[   45181.452443] /dev/input/event2: 0003 0035 00000361
[   45181.452443] /dev/input/event2: 0003 0036 00000651
[   45181.452443] /dev/input/event2: 0003 003a 00000041
[   45181.452443] /dev/input/event2: 0000 0000 00000000
[   45181.460653] /dev/input/event2: 0003 0035 0000035c
[   45181.460653] /dev/input/event2: 0003 0036 00000661
[   45181.460653] /dev/input/event2: 0003 003a 00000040
[   45181.460653] /dev/input/event2: 0000 0000 00000000
[   45181.469137] /dev/input/event2: 0003 0035 00000355
[   45181.469137] /dev/input/event2: 0003 0036 0000066a
[   45181.469137] /dev/input/event2: 0000 0000 00000000
[   45181.477001] /dev/input/event2: 0003 0035 0000034c
[   45181.477001] /dev/input/event2: 0003 0036 0000066f
[   45181.477001] /dev/input/event2: 0003 003a 00000038
[   45181.477001] /dev/input/event2: 0000 0000 00000000
[   45181.485452] /dev/input/event2: 0003 0035 0000033b
[   45181.485452] /dev/input/event2: 0003 0036 00000670
[   45181.485452] /dev/input/event2: 0000 0000 00000000
[   45181.494030] /dev/input/event2: 0003 0035 00000327
[   45181.494030] /dev/input/event2: 0003 0036 0000066a
[   45181.494030] /dev/input/event2: 0003 0031 00000003
[   45181.494030] /dev/input/event2: 0003 003a 00000037
[   45181.494030] /dev/input/event2: 0000 0000 00000000
[   45181.502376] /dev/input/event2: 0003 0035 00000310
[   45181.502376] /dev/input/event2: 0003 0036 0000065c
[   45181.502376] /dev/input/event2: 0003 0031 00000004
[   45181.502376] /dev/input/event2: 0003 003a 00000038
[   45181.502376] /dev/input/event2: 0000 0000 00000000
[   45181.510885] /dev/input/event2: 0003 0035 000002f7
[   45181.510885] /dev/input/event2: 0003 0036 00000645
[   45181.510885] /dev/input/event2: 0003 003a 00000037
[   45181.510885] /dev/input/event2: 0000 0000 00000000
[   45181.519369] /dev/input/event2: 0003 0035 000002de
[   45181.519369] /dev/input/event2: 0003 0036 00000625
[   45181.519369] /dev/input/event2: 0000 0000 00000000
[   45181.527732] /dev/input/event2: 0003 0035 000002c8
[   45181.527732] /dev/input/event2: 0003 0036 000005fe
[   45181.527732] /dev/input/event2: 0000 0000 00000000
[   45181.536233] /dev/input/event2: 0003 0035 000002b8
[   45181.536233] /dev/input/event2: 0003 0036 000005d7
[   45181.536233] /dev/input/event2: 0003 003a 00000036
[   45181.536233] /dev/input/event2: 0000 0000 00000000
[   45181.544715] /dev/input/event2: 0003 0035 000002af
[   45181.544715] /dev/input/event2: 0003 0036 000005b5
[   45181.544715] /dev/input/event2: 0000 0000 00000000
[   45181.553121] /dev/input/event2: 0003 0035 000002ac
[   45181.553121] /dev/input/event2: 0003 0036 0000059a
[   45181.553121] /dev/input/event2: 0003 003a 00000037
[   45181.553121] /dev/input/event2: 0000 0000 00000000
[   45181.562432] /dev/input/event2: 0003 0035 000002ad
[   45181.562432] /dev/input/event2: 0003 0036 00000585
[   45181.562432] /dev/input/event2: 0003 003a 0000003e
[   45181.562432] /dev/input/event2: 0000 0000 00000000
[   45181.570829] /dev/input/event2: 0003 0035 000002b3
[   45181.570829] /dev/input/event2: 0003 0036 00000576
[   45181.570829] /dev/input/event2: 0000 0000 00000000
[   45181.578601] /dev/input/event2: 0003 0035 000002ba
[   45181.578601] /dev/input/event2: 0003 0036 0000056d
[   45181.578601] /dev/input/event2: 0003 003a 00000038
[   45181.578601] /dev/input/event2: 0000 0000 00000000
[   45181.587102] /dev/input/event2: 0003 0035 000002ca
[   45181.587102] /dev/input/event2: 0003 0036 00000566
[   45181.587102] /dev/input/event2: 0003 003a 00000039
[   45181.587102] /dev/input/event2: 0000 0000 00000000
[   45181.595477] /dev/input/event2: 0003 0035 000002e3
[   45181.595477] /dev/input/event2: 0003 0036 00000567
[   45181.595477] /dev/input/event2: 0000 0000 00000000
[   45181.604187] /dev/input/event2: 0003 0035 00000302
[   45181.604187] /dev/input/event2: 0003 0036 00000574
[   45181.604187] /dev/input/event2: 0003 003a 0000003a
[   45181.604187] /dev/input/event2: 0000 0000 00000000
[   45181.612633] /dev/input/event2: 0003 0035 00000321
[   45181.612633] /dev/input/event2: 0003 0036 0000058a
[   45181.612633] /dev/input/event2: 0003 003a 00000039
[   45181.612633] /dev/input/event2: 0000 0000 00000000
[   45181.621139] /dev/input/event2: 0003 0035 0000033c
[   45181.621139] /dev/input/event2: 0003 0036 000005a7
[   45181.621139] /dev/input/event2: 0003 003a 0000003a
[   45181.621139] /dev/input/event2: 0000 0000 00000000
[   45181.629486] /dev/input/event2: 0003 0035 0000035d
[   45181.629486] /dev/input/event2: 0003 0036 000005d7
[   45181.629486] /dev/input/event2: 0000 0000 00000000
[   45181.637978] /dev/input/event2: 0003 0035 00000376
[   45181.637978] /dev/input/event2: 0003 0036 00000606
[   45181.637978] /dev/input/event2: 0003 003a 0000003b
[   45181.637978] /dev/input/event2: 0000 0000 00000000
[   45181.646519] /dev/input/event2: 0003 0035 00000387
[   45181.646519] /dev/input/event2: 0003 0036 0000062e
[   45181.646519] /dev/input/event2: 0000 0000 00000000
[   45181.654923] /dev/input/event2: 0003 0035 00000391
[   45181.654923] /dev/input/event2: 0003 0036 00000651
[   45181.654923] /dev/input/event2: 0000 0000 00000000
[   45181.663441] /dev/input/event2: 0003 0035 00000395
[   45181.663441] /dev/input/event2: 0003 0036 0000066d
[   45181.663441] /dev/input/event2: 0003 003a 0000003a
[   45181.663441] /dev/input/event2: 0000 0000 00000000
[   45181.672488] /dev/input/event2: 0003 0035 00000394
[   45181.672488] /dev/input/event2: 0003 0036 00000680
[   45181.672488] /dev/input/event2: 0003 003a 00000041
[   45181.672488] /dev/input/event2: 0000 0000 00000000
[   45181.681043] /dev/input/event2: 0003 0035 00000390
[   45181.681043] /dev/input/event2: 0003 0036 0000068d
[   45181.681043] /dev/input/event2: 0003 003a 00000042
[   45181.681043] /dev/input/event2: 0000 0000 00000000
[   45181.689527] /dev/input/event2: 0003 0035 0000038a
[   45181.689527] /dev/input/event2: 0003 0036 00000695
[   45181.689527] /dev/input/event2: 0000 0000 00000000
[   45181.698026] /dev/input/event2: 0003 0035 00000383
[   45181.698026] /dev/input/event2: 0003 0036 0000069a
[   45181.698026] /dev/input/event2: 0003 003a 00000040
[   45181.698026] /dev/input/event2: 0000 0000 00000000
[   45181.705768] /dev/input/event2: 0003 0035 00000373
[   45181.705768] /dev/input/event2: 0003 0036 0000069c
[   45181.705768] /dev/input/event2: 0003 003a 00000039
[   45181.705768] /dev/input/event2: 0000 0000 00000000
[   45181.714233] /dev/input/event2: 0003 0035 00000361
[   45181.714233] /dev/input/event2: 0003 0036 00000696
[   45181.714233] /dev/input/event2: 0003 003a 00000038
[   45181.714233] /dev/input/event2: 0000 0000 00000000
[   45181.722781] /dev/input/event2: 0003 0035 0000034d
[   45181.722781] /dev/input/event2: 0003 0036 00000689
[   45181.722781] /dev/input/event2: 0003 0031 00000003
[   45181.722781] /dev/input/event2: 0000 0000 00000000
[   45181.731152] /dev/input/event2: 0003 0035 00000339
[   45181.731152] /dev/input/event2: 0003 0036 00000675
[   45181.731152] /dev/input/event2: 0003 0031 00000004
[   45181.731152] /dev/input/event2: 0000 0000 00000000
[   45181.739750] /dev/input/event2: 0003 0035 00000323
[   45181.739750] /dev/input/event2: 0003 0036 00000659
[   45181.739750] /dev/input/event2: 0000 0000 00000000
[   45181.748047] /dev/input/event2: 0003 0035 00000311
[   45181.748047] /dev/input/event2: 0003 0036 00000637
[   45181.748047] /dev/input/event2: 0000 0000 00000000
[   45181.756586] /dev/input/event2: 0003 0035 00000305
[   45181.756586] /dev/input/event2: 0003 0036 0000061a
[   45181.756586] /dev/input/event2: 0000 0000 00000000
[   45181.765054] /dev/input/event2: 0003 0035 000002ff
[   45181.765054] /dev/input/event2: 0003 0036 00000600
[   45181.765054] /dev/input/event2: 0000 0000 00000000
[   45181.774183] /dev/input/event2: 0003 0035 000002fd
[   45181.774183] /dev/input/event2: 0003 0036 000005ed
[   45181.774183] /dev/input/event2: 0003 003a 0000003f
[   45181.774183] /dev/input/event2: 0000 0000 00000000
[   45181.782605] /dev/input/event2: 0003 0035 000002ff
[   45181.782605] /dev/input/event2: 0003 0036 000005dd
[   45181.782605] /dev/input/event2: 0003 003a 0000003e
[   45181.782605] /dev/input/event2: 0000 0000 00000000
[   45181.791317] /dev/input/event2: 0003 0035 00000304
[   45181.791317] /dev/input/event2: 0003 0036 000005d2
[   45181.791317] /dev/input/event2: 0003 003a 0000003f
[   45181.791317] /dev/input/event2: 0000 0000 00000000
[   45181.799811] /dev/input/event2: 0003 0035 0000030a
[   45181.799811] /dev/input/event2: 0003 0036 000005cb
[   45181.799811] /dev/input/event2: 0003 003a 00000040
[   45181.799811] /dev/input/event2: 0000 0000 00000000
[   45181.807965] /dev/input/event2: 0003 0035 00000316
[   45181.807965] /dev/input/event2: 0003 0036 000005c5
[   45181.807965] /dev/input/event2: 0003 003a 0000003f
[   45181.807965] /dev/input/event2: 0000 0000 00000000
[   45181.816127] /dev/input/event2: 0003 0035 0000032a
[   45181.816127] /dev/input/event2: 0003 0036 000005c6
[   45181.816127] /dev/input/event2: 0003 0031 00000003
[   45181.816127] /dev/input/event2: 0003 003a 00000039
[   45181.816127] /dev/input/event2: 0000 0000 00000000
[   45181.824352] /dev/input/event2: 0003 0035 0000033c
[   45181.824352] /dev/input/event2: 0003 0036 000005cd
[   45181.824352] /dev/input/event2: 0003 0031 00000004
[   45181.824352] /dev/input/event2: 0000 0000 00000000
[   45181.832805] /dev/input/event2: 0003 0035 00000350
[   45181.832805] /dev/input/event2: 0003 0036 000005da
[   45181.832805] /dev/input/event2: 0003 003a 0000003a
[   45181.832805] /dev/input/event2: 0000 0000 00000000
[   45181.841512] /dev/input/event2: 0003 0035 00000367
[   45181.841512] /dev/input/event2: 0003 0036 000005f0
[   45181.841512] /dev/input/event2: 0000 0000 00000000
[   45181.849913] /dev/input/event2: 0003 0035 0000037b
[   45181.849913] /dev/input/event2: 0003 0036 00000606
[   45181.849913] /dev/input/event2: 0003 003a 0000003b
[   45181.849913] /dev/input/event2: 0000 0000 00000000
[   45181.858289] /dev/input/event2: 0003 0035 00000393
[   45181.858289] /dev/input/event2: 0003 0036 0000062f
[   45181.858289] /dev/input/event2: 0000 0000 00000000
[   45181.867009] /dev/input/event2: 0003 0035 000003a0
[   45181.867009] /dev/input/event2: 0003 0036 00000648
[   45181.867009] /dev/input/event2: 0000 0000 00000000
[   45181.875293] /dev/input/event2: 0003 0035 000003aa
[   45181.875293] /dev/input/event2: 0003 0036 00000661
[   45181.875293] /dev/input/event2: 0000 0000 00000000
[   45181.884358] /dev/input/event2: 0003 0035 000003af
[   45181.884358] /dev/input/event2: 0003 0036 00000671
[   45181.884358] /dev/input/event2: 0003 003a 00000043
[   45181.884358] /dev/input/event2: 0000 0000 00000000
[   45181.892972] /dev/input/event2: 0003 0035 000003b1
[   45181.892972] /dev/input/event2: 0003 0036 0000067c
[   45181.892972] /dev/input/event2: 0000 0000 00000000
[   45181.901410] /dev/input/event2: 0003 0036 00000683
[   45181.901410] /dev/input/event2: 0003 003a 00000042
[   45181.901410] /dev/input/event2: 0000 0000 00000000
[   45181.910021] /dev/input/event2: 0003 0035 000003af
[   45181.910021] /dev/input/event2: 0003 0036 00000686
[   45181.910021] /dev/input/event2: 0000 0000 00000000
[   45181.918110] /dev/input/event2: 0003 0035 000003a9
[   45181.918110] /dev/input/event2: 0003 0036 00000687
[   45181.918110] /dev/input/event2: 0003 003a 00000041
[   45181.918110] /dev/input/event2: 0000 0000 00000000
[   45181.927024] /dev/input/event2: 0003 0035 0000039d
[   45181.927024] /dev/input/event2: 0003 0036 00000685
[   45181.927024] /dev/input/event2: 0003 003a 00000040
[   45181.927024] /dev/input/event2: 0000 0000 00000000
[   45181.934594] /dev/input/event2: 0003 0035 0000038d
[   45181.934594] /dev/input/event2: 0003 0036 0000067b
[   45181.934594] /dev/input/event2: 0003 0031 00000003
[   45181.934594] /dev/input/event2: 0003 003a 00000038
[   45181.934594] /dev/input/event2: 0000 0000 00000000
[   45181.943000] /dev/input/event2: 0003 0035 00000377
[   45181.943000] /dev/input/event2: 0003 0036 00000667
[   45181.943000] /dev/input/event2: 0003 0031 00000004
[   45181.943000] /dev/input/event2: 0000 0000 00000000
[   45181.951548] /dev/input/event2: 0003 0035 0000035f
[   45181.951548] /dev/input/event2: 0003 0036 0000064c
[   45181.951548] /dev/input/event2: 0003 0031 00000003
[   45181.951548] /dev/input/event2: 0000 0000 00000000
[   45181.959940] /dev/input/event2: 0003 0035 00000349
[   45181.959940] /dev/input/event2: 0003 0036 00000629
[   45181.959940] /dev/input/event2: 0003 0031 00000004
[   45181.959940] /dev/input/event2: 0000 0000 00000000
[   45181.968456] /dev/input/event2: 0003 0035 00000338
[   45181.968456] /dev/input/event2: 0003 0036 0000060a
[   45181.968456] /dev/input/event2: 0000 0000 00000000
[   45181.976858] /dev/input/event2: 0003 0035 0000032c
[   45181.976858] /dev/input/event2: 0003 0036 000005ec
[   45181.976858] /dev/input/event2: 0000 0000 00000000
[   45181.985292] /dev/input/event2: 0003 0035 00000326
[   45181.985292] /dev/input/event2: 0003 0036 000005d7
[   45181.985292] /dev/input/event2: 0003 003a 00000037
[   45181.985292] /dev/input/event2: 0000 0000 00000000
[   45181.994616] /dev/input/event2: 0003 0035 00000324
[   45181.994616] /dev/input/event2: 0003 0036 000005c9
[   45181.994616] /dev/input/event2: 0003 003a 0000003f
[   45181.994616] /dev/input/event2: 0000 0000 00000000
[   45182.003117] /dev/input/event2: 0003 0036 000005bf
[   45182.003117] /dev/input/event2: 0003 003a 00000040
[   45182.003117] /dev/input/event2: 0000 0000 00000000
[   45182.011507] /dev/input/event2: 0003 0035 00000325
[   45182.011507] /dev/input/event2: 0003 0036 000005b9
[   45182.011507] /dev/input/event2: 0000 0000 00000000
[   45182.019937] /dev/input/event2: 0003 0035 00000328
[   45182.019937] /dev/input/event2: 0003 0036 000005b6
[   45182.019937] /dev/input/event2: 0003 003a 0000003f
[   45182.019937] /dev/input/event2: 0000 0000 00000000
[   45182.028460] /dev/input/event2: 0003 0035 00000332
[   45182.028460] /dev/input/event2: 0003 0036 000005b4
[   45182.028460] /dev/input/event2: 0000 0000 00000000
[   45182.036951] /dev/input/event2: 0003 0035 00000342
[   45182.036951] /dev/input/event2: 0003 0036 000005b8
[   45182.036951] /dev/input/event2: 0003 003a 00000041
[   45182.036951] /dev/input/event2: 0000 0000 00000000
[   45182.044698] /dev/input/event2: 0003 0035 00000354
[   45182.044698] /dev/input/event2: 0003 0036 000005c5
[   45182.044698] /dev/input/event2: 0003 003a 00000039
[   45182.044698] /dev/input/event2: 0000 0000 00000000
[   45182.053185] /dev/input/event2: 0003 0035 00000369
[   45182.053185] /dev/input/event2: 0003 0036 000005d8
[   45182.053185] /dev/input/event2: 0003 003a 0000003a
[   45182.053185] /dev/input/event2: 0000 0000 00000000
[   45182.061692] /dev/input/event2: 0003 0035 00000382
[   45182.061692] /dev/input/event2: 0003 0036 000005f8
[   45182.061692] /dev/input/event2: 0000 0000 00000000
[   45182.070193] /dev/input/event2: 0003 0035 00000393
[   45182.070193] /dev/input/event2: 0003 0036 00000613
[   45182.070193] /dev/input/event2: 0000 0000 00000000
[   45182.078619] /dev/input/event2: 0003 0035 000003a3
[   45182.078619] /dev/input/event2: 0003 0036 0000063a
[   45182.078619] /dev/input/event2: 0000 0000 00000000
[   45182.087857] /dev/input/event2: 0003 0035 000003ab
[   45182.087857] /dev/input/event2: 0003 0036 00000655
[   45182.087857] /dev/input/event2: 0003 003a 00000042
[   45182.087857] /dev/input/event2: 0000 0000 00000000
[   45182.096156] /dev/input/event2: 0003 0035 000003b0
[   45182.096156] /dev/input/event2: 0003 0036 00000670
[   45182.096156] /dev/input/event2: 0000 0000 00000000
[   45182.104071] /dev/input/event2: 0003 0035 000003b1
[   45182.104071] /dev/input/event2: 0003 0036 00000685
[   45182.104071] /dev/input/event2: 0003 003a 0000003a
[   45182.104071] /dev/input/event2: 0000 0000 00000000
[   45182.112547] /dev/input/event2: 0003 0035 000003af
[   45182.112547] /dev/input/event2: 0003 0036 00000695
[   45182.112547] /dev/input/event2: 0003 003a 00000039
[   45182.112547] /dev/input/event2: 0000 0000 00000000
[   45182.121557] /dev/input/event2: 0003 0035 000003a9
[   45182.121557] /dev/input/event2: 0003 0036 000006a0
[   45182.121557] /dev/input/event2: 0003 003a 0000003f
[   45182.121557] /dev/input/event2: 0000 0000 00000000
[   45182.130076] /dev/input/event2: 0003 0035 000003a1
[   45182.130076] /dev/input/event2: 0003 0036 000006a7
[   45182.130076] /dev/input/event2: 0000 0000 00000000
[   45182.138780] /dev/input/event2: 0003 0035 00000393
[   45182.138780] /dev/input/event2: 0003 0036 000006ae
[   45182.138780] /dev/input/event2: 0003 003a 00000040
[   45182.138780] /dev/input/event2: 0000 0000 00000000
[   45182.146405] /dev/input/event2: 0003 0035 0000037f
[   45182.146405] /dev/input/event2: 0003 0036 000006b0
[   45182.146405] /dev/input/event2: 0003 003a 00000038
[   45182.146405] /dev/input/event2: 0000 0000 00000000
[   45182.154883] /dev/input/event2: 0003 0035 00000362
[   45182.154883] /dev/input/event2: 0003 0036 000006a9
[   45182.154883] /dev/input/event2: 0003 0031 00000003
[   45182.154883] /dev/input/event2: 0000 0000 00000000
[   45182.163244] /dev/input/event2: 0003 0035 00000345
[   45182.163244] /dev/input/event2: 0003 0036 00000698
[   45182.163244] /dev/input/event2: 0003 0031 00000004
[   45182.163244] /dev/input/event2: 0003 003a 00000037
[   45182.163244] /dev/input/event2: 0000 0000 00000000
[   45182.171834] /dev/input/event2: 0003 0035 0000031e
[   45182.171834] /dev/input/event2: 0003 0036 0000067a
[   45182.171834] /dev/input/event2: 0003 0031 00000003
[   45182.171834] /dev/input/event2: 0000 0000 00000000
[   45182.180233] /dev/input/event2: 0003 0035 000002f6
[   45182.180233] /dev/input/event2: 0003 0036 0000064f
[   45182.180233] /dev/input/event2: 0003 0031 00000004
[   45182.180233] /dev/input/event2: 0000 0000 00000000
[   45182.188646] /dev/input/event2: 0003 0035 000002c4
[   45182.188646] /dev/input/event2: 0003 0036 00000611
[   45182.188646] /dev/input/event2: 0000 0000 00000000
[   45182.197165] /dev/input/event2: 0003 0035 0000028f
[   45182.197165] /dev/input/event2: 0003 0036 000005cb
[   45182.197165] /dev/input/event2: 0003 003a 00000036
[   45182.197165] /dev/input/event2: 0000 0000 00000000
[   45182.205636] /dev/input/event2: 0003 0035 00000260
[   45182.205636] /dev/input/event2: 0003 0036 0000057d
[   45182.205636] /dev/input/event2: 0003 003a 00000035
[   45182.205636] /dev/input/event2: 0000 0000 00000000
[   45182.214067] /dev/input/event2: 0003 0035 00000230
[   45182.214067] /dev/input/event2: 0003 0036 0000052b
[   45182.214067] /dev/input/event2: 0003 003a 00000036
[   45182.214067] /dev/input/event2: 0000 0000 00000000
[   45182.222619] /dev/input/event2: 0003 0035 000001fc
[   45182.222619] /dev/input/event2: 0003 0036 000004d1
[   45182.222619] /dev/input/event2: 0000 0000 00000000
[   45182.231050] /dev/input/event2: 0003 0035 000001d3
[   45182.231050] /dev/input/event2: 0003 0036 0000047c
[   45182.231050] /dev/input/event2: 0003 003a 00000034
[   45182.231050] /dev/input/event2: 0000 0000 00000000
[   45182.239521] /dev/input/event2: 0003 0035 000001a8
[   45182.239521] /dev/input/event2: 0003 0036 00000423
[   45182.239521] /dev/input/event2: 0000 0000 00000000
[   45182.247958] /dev/input/event2: 0003 0035 0000017d
[   45182.247958] /dev/input/event2: 0003 0036 000003cc
[   45182.247958] /dev/input/event2: 0000 0000 00000000
[   45182.256432] /dev/input/event2: 0003 0035 00000156
[   45182.256432] /dev/input/event2: 0003 0036 00000377
[   45182.256432] /dev/input/event2: 0003 0031 00000003
[   45182.256432] /dev/input/event2: 0003 003a 00000031
[   45182.256432] /dev/input/event2: 0000 0000 00000000
[   45182.264964] /dev/input/event2: 0003 0035 0000012c
[   45182.264964] /dev/input/event2: 0003 0036 0000031f
[   45182.264964] /dev/input/event2: 0003 003a 00000023
[   45182.264964] /dev/input/event2: 0000 0000 00000000
[   45182.273209] /dev/input/event2: 0003 0039 ffffffff
[   45182.273209] /dev/input/event2: 0000 0000 00000000
