[    7636.548146] /dev/input/event2: 0003 0039 000006a2
[    7636.548146] /dev/input/event2: 0003 0035 00000210
[    7636.548146] /dev/input/event2: 0003 0036 00000644
[    7636.548146] /dev/input/event2: 0003 0031 00000003
[    7636.548146] /dev/input/event2: 0003 003a 0000002e
[    7636.548146] /dev/input/event2: 0000 0000 00000000
[    7636.565099] /dev/input/event2: 0003 0031 00000004
[    7636.565099] /dev/input/event2: 0003 003a 00000036
[    7636.565099] /dev/input/event2: 0000 0000 00000000
[    7636.573686] /dev/input/event2: 0003 003a 00000038
[    7636.573686] /dev/input/event2: 0000 0000 00000000
[    7636.582181] /dev/input/event2: 0003 003a 00000039
[    7636.582181] /dev/input/event2: 0000 0000 00000000
[    7636.590630] /dev/input/event2: 0003 003a 0000003a
[    7636.590630] /dev/input/event2: 0000 0000 00000000
[    7636.599331] /dev/input/event2: 0003 0036 00000643
[    7636.599331] /dev/input/event2: 0003 003a 0000003b
[    7636.599331] /dev/input/event2: 0000 0000 00000000
[    7636.607556] /dev/input/event2: 0003 0036 00000642
[    7636.607556] /dev/input/event2: 0000 0000 00000000
[    7636.616160] /dev/input/event2: 0003 0036 00000641
[    7636.616160] /dev/input/event2: 0003 003a 0000003c
[    7636.616160] /dev/input/event2: 0000 0000 00000000
[    7636.633245] /dev/input/event2: 0003 0036 00000640
[    7636.633245] /dev/input/event2: 0003 003a 0000003d
[    7636.633245] /dev/input/event2: 0000 0000 00000000
[    7636.650306] /dev/input/event2: 0003 003a 0000003e
[    7636.650306] /dev/input/event2: 0000 0000 00000000
[    7636.701302] /dev/input/event2: 0003 003a 0000003f
[    7636.701302] /dev/input/event2: 0000 0000 00000000
[    7636.760996] /dev/input/event2: 0003 003a 00000040
[    7636.760996] /dev/input/event2: 0000 0000 00000000
[    7637.084357] /dev/input/event2: 0003 0035 00000211
[    7637.084357] /dev/input/event2: 0000 0000 00000000
[    7637.246054] /dev/input/event2: 0003 0035 00000212
[    7637.246054] /dev/input/event2: 0000 0000 00000000
[    7637.357023] /dev/input/event2: 0003 0035 00000213
[    7637.357023] /dev/input/event2: 0000 0000 00000000
[    7637.467401] /dev/input/event2: 0003 0035 00000214
[    7637.467401] /dev/input/event2: 0000 0000 00000000
[    7637.552575] /dev/input/event2: 0003 0035 00000215
[    7637.552575] /dev/input/event2: 0000 0000 00000000
[    7637.637686] /dev/input/event2: 0003 0035 00000216
[    7637.637686] /dev/input/event2: 0000 0000 00000000
[    7637.714204] /dev/input/event2: 0003 0035 00000217
[    7637.714204] /dev/input/event2: 0000 0000 00000000
[    7637.722764] /dev/input/event2: 0003 0035 00000218
[    7637.722764] /dev/input/event2: 0000 0000 00000000
[    7637.748274] /dev/input/event2: 0003 0036 0000063f
[    7637.748274] /dev/input/event2: 0000 0000 00000000
[    7637.765357] /dev/input/event2: 0003 003a 0000003f
[    7637.765357] /dev/input/event2: 0000 0000 00000000
[    7637.799370] /dev/input/event2: 0003 0031 00000003
[    7637.799370] /dev/input/event2: 0003 003a 00000039
[    7637.799370] /dev/input/event2: 0000 0000 00000000
[    7637.806885] /dev/input/event2: 0003 0039 ffffffff
[    7637.806885] /dev/input/event2: 0000 0000 00000000
[    7639.962290] /dev/input/event2: 0003 0039 000006a3
[    7639.962290] /dev/input/event2: 0003 0035 00000283
[    7639.962290] /dev/input/event2: 0003 0036 00000693
[    7639.962290] /dev/input/event2: 0003 0030 00000004
[    7639.962290] /dev/input/event2: 0003 003a 00000034
[    7639.962290] /dev/input/event2: 0000 0000 00000000
[    7639.978915] /dev/input/event2: 0003 0030 00000005
[    7639.978915] /dev/input/event2: 0003 0031 00000004
[    7639.978915] /dev/input/event2: 0003 003a 0000003d
[    7639.978915] /dev/input/event2: 0000 0000 00000000
[    7639.987409] /dev/input/event2: 0003 003a 0000003b
[    7639.987409] /dev/input/event2: 0000 0000 00000000
[    7639.995996] /dev/input/event2: 0003 0035 00000282
[    7639.995996] /dev/input/event2: 0003 0036 00000691
[    7639.995996] /dev/input/event2: 0003 003a 0000003a
[    7639.995996] /dev/input/event2: 0000 0000 00000000
[    7640.004605] /dev/input/event2: 0003 0035 0000027f
[    7640.004605] /dev/input/event2: 0003 0036 0000068c
[    7640.004605] /dev/input/event2: 0003 0031 00000003
[    7640.004605] /dev/input/event2: 0003 003a 0000003b
[    7640.004605] /dev/input/event2: 0000 0000 00000000
[    7640.012322] /dev/input/event2: 0003 0035 00000277
[    7640.012322] /dev/input/event2: 0003 0036 0000067e
[    7640.012322] /dev/input/event2: 0003 0031 00000004
[    7640.012322] /dev/input/event2: 0003 003a 00000035
[    7640.012322] /dev/input/event2: 0000 0000 00000000
[    7640.020828] /dev/input/event2: 0003 0035 00000267
[    7640.020828] /dev/input/event2: 0003 0036 00000666
[    7640.020828] /dev/input/event2: 0003 0031 00000003
[    7640.020828] /dev/input/event2: 0003 003a 00000036
[    7640.020828] /dev/input/event2: 0000 0000 00000000
[    7640.029310] /dev/input/event2: 0003 0035 00000252
[    7640.029310] /dev/input/event2: 0003 0036 00000644
[    7640.029310] /dev/input/event2: 0003 0031 00000004
[    7640.029310] /dev/input/event2: 0003 003a 00000035
[    7640.029310] /dev/input/event2: 0000 0000 00000000
[    7640.037782] /dev/input/event2: 0003 0035 00000237
[    7640.037782] /dev/input/event2: 0003 0036 0000061a
[    7640.037782] /dev/input/event2: 0003 003a 00000036
[    7640.037782] /dev/input/event2: 0000 0000 00000000
[    7640.046451] /dev/input/event2: 0003 0035 00000219
[    7640.046451] /dev/input/event2: 0003 0036 000005eb
[    7640.046451] /dev/input/event2: 0003 0031 00000003
[    7640.046451] /dev/input/event2: 0003 003a 00000034
[    7640.046451] /dev/input/event2: 0000 0000 00000000
[    7640.054808] /dev/input/event2: 0003 0035 000001fa
[    7640.054808] /dev/input/event2: 0003 0036 000005b8
[    7640.054808] /dev/input/event2: 0003 0031 00000004
[    7640.054808] /dev/input/event2: 0000 0000 00000000
[    7640.063496] /dev/input/event2: 0003 0035 000001da
[    7640.063496] /dev/input/event2: 0003 0036 00000582
[    7640.063496] /dev/input/event2: 0000 0000 00000000
[    7640.072015] /dev/input/event2: 0003 0035 000001bd
[    7640.072015] /dev/input/event2: 0003 0036 0000054f
[    7640.072015] /dev/input/event2: 0003 003a 00000035
[    7640.072015] /dev/input/event2: 0000 0000 00000000
[    7640.080541] /dev/input/event2: 0003 0035 000001a4
[    7640.080541] /dev/input/event2: 0003 0036 00000522
[    7640.080541] /dev/input/event2: 0000 0000 00000000
[    7640.088930] /dev/input/event2: 0003 0035 00000191
[    7640.088930] /dev/input/event2: 0003 0036 000004fc
[    7640.088930] /dev/input/event2: 0003 003a 00000034
[    7640.088930] /dev/input/event2: 0000 0000 00000000
[    7640.097426] /dev/input/event2: 0003 0035 00000183
[    7640.097426] /dev/input/event2: 0003 0036 000004dc
[    7640.097426] /dev/input/event2: 0000 0000 00000000
[    7640.105883] /dev/input/event2: 0003 0035 0000017a
[    7640.105883] /dev/input/event2: 0003 0036 000004c0
[    7640.105883] /dev/input/event2: 0003 0031 00000003
[    7640.105883] /dev/input/event2: 0000 0000 00000000
[    7640.114445] /dev/input/event2: 0003 0035 00000176
[    7640.114445] /dev/input/event2: 0003 0036 000004a9
[    7640.114445] /dev/input/event2: 0003 0031 00000004
[    7640.114445] /dev/input/event2: 0000 0000 00000000
[    7640.123590] /dev/input/event2: 0003 0036 00000497
[    7640.123590] /dev/input/event2: 0003 003a 00000039
[    7640.123590] /dev/input/event2: 0000 0000 00000000
[    7640.132263] /dev/input/event2: 0003 0035 00000179
[    7640.132263] /dev/input/event2: 0003 0036 00000489
[    7640.132263] /dev/input/event2: 0003 003a 0000003b
[    7640.132263] /dev/input/event2: 0000 0000 00000000
[    7640.140879] /dev/input/event2: 0003 0035 0000017e
[    7640.140879] /dev/input/event2: 0003 0036 0000047f
[    7640.140879] /dev/input/event2: 0000 0000 00000000
[    7640.148615] /dev/input/event2: 0003 0035 00000188
[    7640.148615] /dev/input/event2: 0003 0036 00000476
[    7640.148615] /dev/input/event2: 0003 003a 00000035
[    7640.148615] /dev/input/event2: 0000 0000 00000000
[    7640.157153] /dev/input/event2: 0003 0035 0000019d
[    7640.157153] /dev/input/event2: 0003 0036 0000046d
[    7640.157153] /dev/input/event2: 0000 0000 00000000
[    7640.165584] /dev/input/event2: 0003 0035 000001c1
[    7640.165584] /dev/input/event2: 0003 0036 00000469
[    7640.165584] /dev/input/event2: 0003 003a 00000036
[    7640.165584] /dev/input/event2: 0000 0000 00000000
[    7640.173988] /dev/input/event2: 0003 0035 000001ef
[    7640.173988] /dev/input/event2: 0003 0036 0000046f
[    7640.173988] /dev/input/event2: 0000 0000 00000000
[    7640.182626] /dev/input/event2: 0003 0035 0000021e
[    7640.182626] /dev/input/event2: 0003 0036 0000047c
[    7640.182626] /dev/input/event2: 0000 0000 00000000
[    7640.191041] /dev/input/event2: 0003 0035 0000024d
[    7640.191041] /dev/input/event2: 0003 0036 00000492
[    7640.191041] /dev/input/event2: 0000 0000 00000000
[    7640.199564] /dev/input/event2: 0003 0035 00000280
[    7640.199564] /dev/input/event2: 0003 0036 000004af
[    7640.199564] /dev/input/event2: 0003 003a 00000037
[    7640.199564] /dev/input/event2: 0000 0000 00000000
[    7640.208009] /dev/input/event2: 0003 0035 000002ac
[    7640.208009] /dev/input/event2: 0003 0036 000004d0
[    7640.208009] /dev/input/event2: 0003 003a 00000038
[    7640.208009] /dev/input/event2: 0000 0000 00000000
[    7640.216686] /dev/input/event2: 0003 0035 000002d4
[    7640.216686] /dev/input/event2: 0003 0036 000004f3
[    7640.216686] /dev/input/event2: 0000 0000 00000000
[    7640.225131] /dev/input/event2: 0003 0035 000002fd
[    7640.225131] /dev/input/event2: 0003 0036 00000518
[    7640.225131] /dev/input/event2: 0003 003a 00000039
[    7640.225131] /dev/input/event2: 0000 0000 00000000
[    7640.233564] /dev/input/event2: 0003 0035 00000320
[    7640.233564] /dev/input/event2: 0003 0036 00000540
[    7640.233564] /dev/input/event2: 0003 003a 00000038
[    7640.233564] /dev/input/event2: 0000 0000 00000000
[    7640.242210] /dev/input/event2: 0003 0035 00000340
[    7640.242210] /dev/input/event2: 0003 0036 00000566
[    7640.242210] /dev/input/event2: 0003 003a 00000039
[    7640.242210] /dev/input/event2: 0000 0000 00000000
[    7640.250694] /dev/input/event2: 0003 0035 0000035b
[    7640.250694] /dev/input/event2: 0003 0036 0000058b
[    7640.250694] /dev/input/event2: 0003 003a 00000038
[    7640.250694] /dev/input/event2: 0000 0000 00000000
[    7640.259321] /dev/input/event2: 0003 0035 0000036f
[    7640.259321] /dev/input/event2: 0003 0036 000005aa
[    7640.259321] /dev/input/event2: 0000 0000 00000000
[    7640.268430] /dev/input/event2: 0003 0035 0000037d
[    7640.268430] /dev/input/event2: 0003 0036 000005c3
[    7640.268430] /dev/input/event2: 0003 003a 00000040
[    7640.268430] /dev/input/event2: 0000 0000 00000000
[    7640.276963] /dev/input/event2: 0003 0035 00000386
[    7640.276963] /dev/input/event2: 0003 0036 000005d6
[    7640.276963] /dev/input/event2: 0003 003a 0000003f
[    7640.276963] /dev/input/event2: 0000 0000 00000000
[    7640.285314] /dev/input/event2: 0003 0035 0000038b
[    7640.285314] /dev/input/event2: 0003 0036 000005e6
[    7640.285314] /dev/input/event2: 0000 0000 00000000
[    7640.293818] /dev/input/event2: 0003 0035 0000038c
[    7640.293818] /dev/input/event2: 0003 0036 000005f1
[    7640.293818] /dev/input/event2: 0000 0000 00000000
[    7640.302315] /dev/input/event2: 0003 0035 0000038a
[    7640.302315] /dev/input/event2: 0003 0036 000005f9
[    7640.302315] /dev/input/event2: 0003 003a 0000003e
[    7640.302315] /dev/input/event2: 0000 0000 00000000
[    7640.311013] /dev/input/event2: 0003 0035 00000386
[    7640.311013] /dev/input/event2: 0003 0036 000005fe
[    7640.311013] /dev/input/event2: 0003 003a 0000003f
[    7640.311013] /dev/input/event2: 0000 0000 00000000
[    7640.318830] /dev/input/event2: 0003 0035 00000380
[    7640.318830] /dev/input/event2: 0003 0036 00000601
[    7640.318830] /dev/input/event2: 0003 003a 00000038
[    7640.318830] /dev/input/event2: 0000 0000 00000000
[    7640.327329] /dev/input/event2: 0003 0035 00000374
[    7640.327329] /dev/input/event2: 0003 0036 00000603
[    7640.327329] /dev/input/event2: 0000 0000 00000000
[    7640.336694] /dev/input/event2: 0003 0035 00000365
[    7640.336694] /dev/input/event2: 0003 0036 00000601
[    7640.336694] /dev/input/event2: 0003 003a 0000003d
[    7640.336694] /dev/input/event2: 0000 0000 00000000
[    7640.344288] /dev/input/event2: 0003 0035 00000351
[    7640.344288] /dev/input/event2: 0003 0036 000005fb
[    7640.344288] /dev/input/event2: 0003 003a 00000037
[    7640.344288] /dev/input/event2: 0000 0000 00000000
[    7640.352745] /dev/input/event2: 0003 0035 0000033b
[    7640.352745] /dev/input/event2: 0003 0036 000005f2
[    7640.352745] /dev/input/event2: 0000 0000 00000000
[    7640.362120] /dev/input/event2: 0003 0035 00000327
[    7640.362120] /dev/input/event2: 0003 0036 000005e5
[    7640.362120] /dev/input/event2: 0003 003a 0000003c
[    7640.362120] /dev/input/event2: 0000 0000 00000000
[    7640.369826] /dev/input/event2: 0003 0035 00000313
[    7640.369826] /dev/input/event2: 0003 0036 000005d6
[    7640.369826] /dev/input/event2: 0003 003a 00000036
[    7640.369826] /dev/input/event2: 0000 0000 00000000
[    7640.378318] /dev/input/event2: 0003 0035 00000300
[    7640.378318] /dev/input/event2: 0003 0036 000005c4
[    7640.378318] /dev/input/event2: 0003 0031 00000003
[    7640.378318] /dev/input/event2: 0000 0000 00000000
[    7640.386869] /dev/input/event2: 0003 0035 000002ed
[    7640.386869] /dev/input/event2: 0003 0036 000005ae
[    7640.386869] /dev/input/event2: 0003 0031 00000004
[    7640.386869] /dev/input/event2: 0003 003a 00000035
[    7640.386869] /dev/input/event2: 0000 0000 00000000
[    7640.395327] /dev/input/event2: 0003 0035 000002da
[    7640.395327] /dev/input/event2: 0003 0036 00000593
[    7640.395327] /dev/input/event2: 0003 003a 00000036
[    7640.395327] /dev/input/event2: 0000 0000 00000000
[    7640.403820] /dev/input/event2: 0003 0035 000002c9
[    7640.403820] /dev/input/event2: 0003 0036 00000575
[    7640.403820] /dev/input/event2: 0000 0000 00000000
[    7640.412327] /dev/input/event2: 0003 0035 000002bc
[    7640.412327] /dev/input/event2: 0003 0036 00000558
[    7640.412327] /dev/input/event2: 0000 0000 00000000
[    7640.420824] /dev/input/event2: 0003 0035 000002b1
[    7640.420824] /dev/input/event2: 0003 0036 00000539
[    7640.420824] /dev/input/event2: 0000 0000 00000000
[    7640.429340] /dev/input/event2: 0003 0035 000002aa
[    7640.429340] /dev/input/event2: 0003 0036 0000051d
[    7640.429340] /dev/input/event2: 0003 003a 00000035
[    7640.429340] /dev/input/event2: 0000 0000 00000000
[    7640.437872] /dev/input/event2: 0003 0035 000002a6
[    7640.437872] /dev/input/event2: 0003 0036 00000506
[    7640.437872] /dev/input/event2: 0000 0000 00000000
[    7640.447210] /dev/input/event2: 0003 0035 000002a4
[    7640.447210] /dev/input/event2: 0003 0036 000004f4
[    7640.447210] /dev/input/event2: 0003 003a 0000003c
[    7640.447210] /dev/input/event2: 0000 0000 00000000
[    7640.455747] /dev/input/event2: 0003 0036 000004e6
[    7640.455747] /dev/input/event2: 0003 0031 00000003
[    7640.455747] /dev/input/event2: 0000 0000 00000000
[    7640.464172] /dev/input/event2: 0003 0035 000002a5
[    7640.464172] /dev/input/event2: 0003 0036 000004db
[    7640.464172] /dev/input/event2: 0003 0031 00000004
[    7640.464172] /dev/input/event2: 0000 0000 00000000
[    7640.472671] /dev/input/event2: 0003 0035 000002a7
[    7640.472671] /dev/input/event2: 0003 0036 000004d4
[    7640.472671] /dev/input/event2: 0003 003a 0000003d
[    7640.472671] /dev/input/event2: 0000 0000 00000000
[    7640.481188] /dev/input/event2: 0003 0035 000002aa
[    7640.481188] /dev/input/event2: 0003 0036 000004cf
[    7640.481188] /dev/input/event2: 0003 003a 0000003c
[    7640.481188] /dev/input/event2: 0000 0000 00000000
[    7640.489667] /dev/input/event2: 0003 0035 000002b0
[    7640.489667] /dev/input/event2: 0003 0036 000004cc
[    7640.489667] /dev/input/event2: 0000 0000 00000000
[    7640.517160] /dev/input/event2: 0003 0035 000002cd
[    7640.517160] /dev/input/event2: 0003 0036 000004dd
[    7640.517160] /dev/input/event2: 0003 003a 0000003b
[    7640.517160] /dev/input/event2: 0000 0000 00000000
[    7640.525828] /dev/input/event2: 0003 0035 000002e4
[    7640.525828] /dev/input/event2: 0003 0036 000004f0
[    7640.525828] /dev/input/event2: 0003 003a 0000003d
[    7640.525828] /dev/input/event2: 0000 0000 00000000
[    7640.533561] /dev/input/event2: 0003 0035 000002fa
[    7640.533561] /dev/input/event2: 0003 0036 00000508
[    7640.533561] /dev/input/event2: 0003 003a 00000037
[    7640.533561] /dev/input/event2: 0000 0000 00000000
[    7640.541976] /dev/input/event2: 0003 0035 00000311
[    7640.541976] /dev/input/event2: 0003 0036 00000524
[    7640.541976] /dev/input/event2: 0003 003a 00000038
[    7640.541976] /dev/input/event2: 0000 0000 00000000
[    7640.550572] /dev/input/event2: 0003 0035 00000329
[    7640.550572] /dev/input/event2: 0003 0036 00000546
[    7640.550572] /dev/input/event2: 0000 0000 00000000
[    7640.559003] /dev/input/event2: 0003 0035 0000033d
[    7640.559003] /dev/input/event2: 0003 0036 00000564
[    7640.559003] /dev/input/event2: 0003 003a 00000037
[    7640.559003] /dev/input/event2: 0000 0000 00000000
[    7640.567696] /dev/input/event2: 0003 0035 0000034d
[    7640.567696] /dev/input/event2: 0003 0036 00000582
[    7640.567696] /dev/input/event2: 0003 003a 00000038
[    7640.567696] /dev/input/event2: 0000 0000 00000000
[    7640.576133] /dev/input/event2: 0003 0035 0000035a
[    7640.576133] /dev/input/event2: 0003 0036 000005a1
[    7640.576133] /dev/input/event2: 0000 0000 00000000
[    7640.584689] /dev/input/event2: 0003 0035 00000364
[    7640.584689] /dev/input/event2: 0003 0036 000005be
[    7640.584689] /dev/input/event2: 0000 0000 00000000
[    7640.593171] /dev/input/event2: 0003 0035 0000036c
[    7640.593171] /dev/input/event2: 0003 0036 000005d9
[    7640.593171] /dev/input/event2: 0000 0000 00000000
[    7640.602341] /dev/input/event2: 0003 0035 00000370
[    7640.602341] /dev/input/event2: 0003 0036 000005ef
[    7640.602341] /dev/input/event2: 0003 003a 0000003f
[    7640.602341] /dev/input/event2: 0000 0000 00000000
[    7640.610863] /dev/input/event2: 0003 0035 00000371
[    7640.610863] /dev/input/event2: 0003 0036 00000601
[    7640.610863] /dev/input/event2: 0000 0000 00000000
[    7640.619465] /dev/input/event2: 0003 0036 00000610
[    7640.619465] /dev/input/event2: 0000 0000 00000000
[    7640.627923] /dev/input/event2: 0003 0035 0000036f
[    7640.627923] /dev/input/event2: 0003 0036 0000061d
[    7640.627923] /dev/input/event2: 0003 003a 0000003e
[    7640.627923] /dev/input/event2: 0000 0000 00000000
[    7640.636259] /dev/input/event2: 0003 0035 0000036b
[    7640.636259] /dev/input/event2: 0003 0036 00000627
[    7640.636259] /dev/input/event2: 0000 0000 00000000
[    7640.644827] /dev/input/event2: 0003 0035 00000365
[    7640.644827] /dev/input/event2: 0003 0036 0000062d
[    7640.644827] /dev/input/event2: 0000 0000 00000000
[    7640.653515] /dev/input/event2: 0003 0035 0000035d
[    7640.653515] /dev/input/event2: 0003 0036 00000632
[    7640.653515] /dev/input/event2: 0003 003a 0000003d
[    7640.653515] /dev/input/event2: 0000 0000 00000000
[    7640.661955] /dev/input/event2: 0003 0035 00000352
[    7640.661955] /dev/input/event2: 0003 0036 00000634
[    7640.661955] /dev/input/event2: 0000 0000 00000000
[    7640.670296] /dev/input/event2: 0003 0035 00000342
[    7640.670296] /dev/input/event2: 0003 0036 00000632
[    7640.670296] /dev/input/event2: 0003 003a 0000003c
[    7640.670296] /dev/input/event2: 0000 0000 00000000
[    7640.678199] /dev/input/event2: 0003 0035 0000032e
[    7640.678199] /dev/input/event2: 0003 0036 0000062b
[    7640.678199] /dev/input/event2: 0003 003a 00000037
[    7640.678199] /dev/input/event2: 0000 0000 00000000
[    7640.686729] /dev/input/event2: 0003 0035 0000031a
[    7640.686729] /dev/input/event2: 0003 0036 0000061d
[    7640.686729] /dev/input/event2: 0000 0000 00000000
[    7640.695186] /dev/input/event2: 0003 0035 00000307
[    7640.695186] /dev/input/event2: 0003 0036 0000060b
[    7640.695186] /dev/input/event2: 0000 0000 00000000
[    7640.703700] /dev/input/event2: 0003 0035 000002f0
[    7640.703700] /dev/input/event2: 0003 0036 000005f1
[    7640.703700] /dev/input/event2: 0003 003a 00000036
[    7640.703700] /dev/input/event2: 0000 0000 00000000
[    7640.712220] /dev/input/event2: 0003 0035 000002d8
[    7640.712220] /dev/input/event2: 0003 0036 000005d1
[    7640.712220] /dev/input/event2: 0000 0000 00000000
[    7640.720783] /dev/input/event2: 0003 0035 000002c1
[    7640.720783] /dev/input/event2: 0003 0036 000005a9
[    7640.720783] /dev/input/event2: 0003 003a 00000035
[    7640.720783] /dev/input/event2: 0000 0000 00000000
[    7640.729300] /dev/input/event2: 0003 0035 000002ad
[    7640.729300] /dev/input/event2: 0003 0036 00000584
[    7640.729300] /dev/input/event2: 0003 0031 00000003
[    7640.729300] /dev/input/event2: 0003 003a 00000036
[    7640.729300] /dev/input/event2: 0000 0000 00000000
[    7640.737860] /dev/input/event2: 0003 0035 0000029a
[    7640.737860] /dev/input/event2: 0003 0036 00000560
[    7640.737860] /dev/input/event2: 0003 0031 00000004
[    7640.737860] /dev/input/event2: 0000 0000 00000000
[    7640.746358] /dev/input/event2: 0003 0035 0000028b
[    7640.746358] /dev/input/event2: 0003 0036 00000543
[    7640.746358] /dev/input/event2: 0003 003a 00000035
[    7640.746358] /dev/input/event2: 0000 0000 00000000
[    7640.754745] /dev/input/event2: 0003 0035 0000027f
[    7640.754745] /dev/input/event2: 0003 0036 00000529
[    7640.754745] /dev/input/event2: 0003 003a 00000036
[    7640.754745] /dev/input/event2: 0000 0000 00000000
[    7640.764220] /dev/input/event2: 0003 0035 00000277
[    7640.764220] /dev/input/event2: 0003 0036 00000515
[    7640.764220] /dev/input/event2: 0003 003a 0000003c
[    7640.764220] /dev/input/event2: 0000 0000 00000000
[    7640.772632] /dev/input/event2: 0003 0035 00000271
[    7640.772632] /dev/input/event2: 0003 0036 00000505
[    7640.772632] /dev/input/event2: 0000 0000 00000000
[    7640.781162] /dev/input/event2: 0003 0035 0000026d
[    7640.781162] /dev/input/event2: 0003 0036 000004f9
[    7640.781162] /dev/input/event2: 0000 0000 00000000
[    7640.789781] /dev/input/event2: 0003 0035 0000026b
[    7640.789781] /dev/input/event2: 0003 0036 000004ef
[    7640.789781] /dev/input/event2: 0000 0000 00000000
[    7640.798305] /dev/input/event2: 0003 0035 0000026a
[    7640.798305] /dev/input/event2: 0003 0036 000004e8
[    7640.798305] /dev/input/event2: 0003 003a 0000003b
[    7640.798305] /dev/input/event2: 0000 0000 00000000
[    7640.806933] /dev/input/event2: 0003 0035 0000026b
[    7640.806933] /dev/input/event2: 0003 0036 000004e3
[    7640.806933] /dev/input/event2: 0000 0000 00000000
[    7640.815087] /dev/input/event2: 0003 0035 0000026f
[    7640.815087] /dev/input/event2: 0003 0036 000004df
[    7640.815087] /dev/input/event2: 0000 0000 00000000
[    7640.823808] /dev/input/event2: 0003 0035 0000027a
[    7640.823808] /dev/input/event2: 0003 0036 000004dc
[    7640.823808] /dev/input/event2: 0000 0000 00000000
[    7640.831438] /dev/input/event2: 0003 0035 0000028d
[    7640.831438] /dev/input/event2: 0003 0036 000004de
[    7640.831438] /dev/input/event2: 0003 003a 00000036
[    7640.831438] /dev/input/event2: 0000 0000 00000000
[    7640.839993] /dev/input/event2: 0003 0035 000002a9
[    7640.839993] /dev/input/event2: 0003 0036 000004ea
[    7640.839993] /dev/input/event2: 0000 0000 00000000
[    7640.848548] /dev/input/event2: 0003 0035 000002c5
[    7640.848548] /dev/input/event2: 0003 0036 000004fc
[    7640.848548] /dev/input/event2: 0003 003a 00000037
[    7640.848548] /dev/input/event2: 0000 0000 00000000
[    7640.857060] /dev/input/event2: 0003 0035 000002e8
[    7640.857060] /dev/input/event2: 0003 0036 00000519
[    7640.857060] /dev/input/event2: 0000 0000 00000000
[    7640.865457] /dev/input/event2: 0003 0035 00000307
[    7640.865457] /dev/input/event2: 0003 0036 0000053a
[    7640.865457] /dev/input/event2: 0003 003a 00000038
[    7640.865457] /dev/input/event2: 0000 0000 00000000
[    7640.873918] /dev/input/event2: 0003 0035 0000032f
[    7640.873918] /dev/input/event2: 0003 0036 0000056b
[    7640.873918] /dev/input/event2: 0000 0000 00000000
[    7640.882651] /dev/input/event2: 0003 0035 00000350
[    7640.882651] /dev/input/event2: 0003 0036 0000059b
[    7640.882651] /dev/input/event2: 0000 0000 00000000
[    7640.891045] /dev/input/event2: 0003 0035 0000036e
[    7640.891045] /dev/input/event2: 0003 0036 000005cc
[    7640.891045] /dev/input/event2: 0000 0000 00000000
[    7640.899464] /dev/input/event2: 0003 0035 00000389
[    7640.899464] /dev/input/event2: 0003 0036 00000601
[    7640.899464] /dev/input/event2: 0000 0000 00000000
[    7640.908214] /dev/input/event2: 0003 0035 0000039b
[    7640.908214] /dev/input/event2: 0003 0036 00000630
[    7640.908214] /dev/input/event2: 0003 003a 00000039
[    7640.908214] /dev/input/event2: 0000 0000 00000000
[    7640.916590] /dev/input/event2: 0003 0035 000003a4
[    7640.916590] /dev/input/event2: 0003 0036 0000064e
[    7640.916590] /dev/input/event2: 0000 0000 00000000
[    7640.925218] /dev/input/event2: 0003 0035 000003aa
[    7640.925218] /dev/input/event2: 0003 0036 0000066f
[    7640.925218] /dev/input/event2: 0000 0000 00000000
[    7640.933535] /dev/input/event2: 0003 0035 000003ac
[    7640.933535] /dev/input/event2: 0003 0036 0000068b
[    7640.933535] /dev/input/event2: 0003 003a 00000038
[    7640.933535] /dev/input/event2: 0000 0000 00000000
[    7640.942161] /dev/input/event2: 0003 0035 000003ab
[    7640.942161] /dev/input/event2: 0003 0036 0000069e
[    7640.942161] /dev/input/event2: 0000 0000 00000000
[    7640.951456] /dev/input/event2: 0003 0035 000003a7
[    7640.951456] /dev/input/event2: 0003 0036 000006ad
[    7640.951456] /dev/input/event2: 0003 003a 0000003f
[    7640.951456] /dev/input/event2: 0000 0000 00000000
[    7640.959751] /dev/input/event2: 0003 0035 000003a0
[    7640.959751] /dev/input/event2: 0003 0036 000006b8
[    7640.959751] /dev/input/event2: 0000 0000 00000000
[    7640.968364] /dev/input/event2: 0003 0035 00000397
[    7640.968364] /dev/input/event2: 0003 0036 000006bf
[    7640.968364] /dev/input/event2: 0003 003a 0000003e
[    7640.968364] /dev/input/event2: 0000 0000 00000000
[    7640.976086] /dev/input/event2: 0003 0035 00000387
[    7640.976086] /dev/input/event2: 0003 0036 000006c4
[    7640.976086] /dev/input/event2: 0003 003a 00000038
[    7640.976086] /dev/input/event2: 0000 0000 00000000
[    7640.984603] /dev/input/event2: 0003 0035 0000036a
[    7640.984603] /dev/input/event2: 0003 0036 000006c3
[    7640.984603] /dev/input/event2: 0003 003a 00000037
[    7640.984603] /dev/input/event2: 0000 0000 00000000
[    7640.993210] /dev/input/event2: 0003 0035 0000034b
[    7640.993210] /dev/input/event2: 0003 0036 000006b7
[    7640.993210] /dev/input/event2: 0003 0031 00000003
[    7640.993210] /dev/input/event2: 0000 0000 00000000
[    7641.001615] /dev/input/event2: 0003 0035 00000322
[    7641.001615] /dev/input/event2: 0003 0036 0000069c
[    7641.001615] /dev/input/event2: 0003 0031 00000004
[    7641.001615] /dev/input/event2: 0003 003a 00000036
[    7641.001615] /dev/input/event2: 0000 0000 00000000
[    7641.010168] /dev/input/event2: 0003 0035 000002fa
[    7641.010168] /dev/input/event2: 0003 0036 00000671
[    7641.010168] /dev/input/event2: 0000 0000 00000000
[    7641.018783] /dev/input/event2: 0003 0035 000002c6
[    7641.018783] /dev/input/event2: 0003 0036 00000632
[    7641.018783] /dev/input/event2: 0003 0031 00000003
[    7641.018783] /dev/input/event2: 0000 0000 00000000
[    7641.027201] /dev/input/event2: 0003 0035 00000290
[    7641.027201] /dev/input/event2: 0003 0036 000005ea
[    7641.027201] /dev/input/event2: 0003 0031 00000004
[    7641.027201] /dev/input/event2: 0000 0000 00000000
[    7641.035635] /dev/input/event2: 0003 0035 00000263
[    7641.035635] /dev/input/event2: 0003 0036 000005a2
[    7641.035635] /dev/input/event2: 0003 0031 00000003
[    7641.035635] /dev/input/event2: 0003 003a 00000034
[    7641.035635] /dev/input/event2: 0000 0000 00000000
[    7641.044167] /dev/input/event2: 0003 0035 00000236
[    7641.044167] /dev/input/event2: 0003 0036 00000551
[    7641.044167] /dev/input/event2: 0003 0031 00000004
[    7641.044167] /dev/input/event2: 0000 0000 00000000
[    7641.052676] /dev/input/event2: 0003 0035 0000020e
[    7641.052676] /dev/input/event2: 0003 0036 00000503
[    7641.052676] /dev/input/event2: 0003 003a 00000035
[    7641.052676] /dev/input/event2: 0000 0000 00000000
[    7641.061248] /dev/input/event2: 0003 0035 000001e7
[    7641.061248] /dev/input/event2: 0003 0036 000004b2
[    7641.061248] /dev/input/event2: 0003 003a 00000034
[    7641.061248] /dev/input/event2: 0000 0000 00000000
[    7641.069712] /dev/input/event2: 0003 0035 000001c6
[    7641.069712] /dev/input/event2: 0003 0036 00000463
[    7641.069712] /dev/input/event2: 0003 003a 00000033
[    7641.069712] /dev/input/event2: 0000 0000 00000000
[    7641.078567] /dev/input/event2: 0003 0035 000001ac
[    7641.078567] /dev/input/event2: 0003 0036 0000041a
[    7641.078567] /dev/input/event2: 0003 003a 00000034
[    7641.078567] /dev/input/event2: 0000 0000 00000000
[    7641.086825] /dev/input/event2: 0003 0035 00000197
[    7641.086825] /dev/input/event2: 0003 0036 000003d7
[    7641.086825] /dev/input/event2: 0000 0000 00000000
[    7641.095471] /dev/input/event2: 0003 0035 00000184
[    7641.095471] /dev/input/event2: 0003 0036 00000398
[    7641.095471] /dev/input/event2: 0003 003a 00000033
[    7641.095471] /dev/input/event2: 0000 0000 00000000
[    7641.103786] /dev/input/event2: 0003 0035 00000174
[    7641.103786] /dev/input/event2: 0003 0036 0000034e
[    7641.103786] /dev/input/event2: 0003 003a 00000032
[    7641.103786] /dev/input/event2: 0000 0000 00000000
[    7641.112295] /dev/input/event2: 0003 0035 00000166
[    7641.112295] /dev/input/event2: 0003 0036 00000305
[    7641.112295] /dev/input/event2: 0003 003a 00000033
[    7641.112295] /dev/input/event2: 0000 0000 00000000
[    7641.120823] /dev/input/event2: 0003 0035 0000015d
[    7641.120823] /dev/input/event2: 0003 0036 000002d2
[    7641.120823] /dev/input/event2: 0003 003a 00000031
[    7641.120823] /dev/input/event2: 0000 0000 00000000
[    7641.129344] /dev/input/event2: 0003 0035 00000158
[    7641.129344] /dev/input/event2: 0003 0036 000002af
[    7641.129344] /dev/input/event2: 0003 0031 00000003
[    7641.129344] /dev/input/event2: 0003 003a 00000026
[    7641.129344] /dev/input/event2: 0000 0000 00000000
[    7641.137662] /dev/input/event2: 0003 0039 ffffffff
[    7641.137662] /dev/input/event2: 0000 0000 00000000
