[    9740.402984] /dev/input/event2: 0003 0039 00000188
[    9740.402984] /dev/input/event2: 0003 0035 0000023b
[    9740.402984] /dev/input/event2: 0003 0036 000006a3
[    9740.402984] /dev/input/event2: 0003 0030 00000004
[    9740.402984] /dev/input/event2: 0003 003a 00000016
[    9740.402984] /dev/input/event2: 0000 0000 00000000
[    9740.419629] /dev/input/event2: 0003 0035 0000023a
[    9740.419629] /dev/input/event2: 0003 0036 000006a2
[    9740.419629] /dev/input/event2: 0003 003a 0000002d
[    9740.419629] /dev/input/event2: 0000 0000 00000000
[    9740.428157] /dev/input/event2: 0003 0035 00000239
[    9740.428157] /dev/input/event2: 0003 0036 000006a1
[    9740.428157] /dev/input/event2: 0003 003a 0000002e
[    9740.428157] /dev/input/event2: 0000 0000 00000000
[    9740.436562] /dev/input/event2: 0003 0035 00000237
[    9740.436562] /dev/input/event2: 0003 0036 0000069e
[    9740.436562] /dev/input/event2: 0003 0030 00000005
[    9740.436562] /dev/input/event2: 0003 0031 00000004
[    9740.436562] /dev/input/event2: 0003 003a 0000002f
[    9740.436562] /dev/input/event2: 0000 0000 00000000
[    9740.445097] /dev/input/event2: 0003 0035 00000234
[    9740.445097] /dev/input/event2: 0003 0036 00000699
[    9740.445097] /dev/input/event2: 0003 003a 00000030
[    9740.445097] /dev/input/event2: 0000 0000 00000000
[    9740.453561] /dev/input/event2: 0003 0035 00000230
[    9740.453561] /dev/input/event2: 0003 0036 00000693
[    9740.453561] /dev/input/event2: 0003 0031 00000003
[    9740.453561] /dev/input/event2: 0003 003a 00000031
[    9740.453561] /dev/input/event2: 0000 0000 00000000
[    9740.462211] /dev/input/event2: 0003 0035 0000022b
[    9740.462211] /dev/input/event2: 0003 0036 0000068a
[    9740.462211] /dev/input/event2: 0003 003a 00000033
[    9740.462211] /dev/input/event2: 0000 0000 00000000
[    9740.470582] /dev/input/event2: 0003 0035 00000226
[    9740.470582] /dev/input/event2: 0003 0036 00000680
[    9740.470582] /dev/input/event2: 0003 003a 00000034
[    9740.470582] /dev/input/event2: 0000 0000 00000000
[    9740.478918] /dev/input/event2: 0003 0035 00000221
[    9740.478918] /dev/input/event2: 0003 0036 00000674
[    9740.478918] /dev/input/event2: 0003 003a 00000035
[    9740.478918] /dev/input/event2: 0000 0000 00000000
[    9740.487529] /dev/input/event2: 0003 0035 0000021c
[    9740.487529] /dev/input/event2: 0003 0036 00000667
[    9740.487529] /dev/input/event2: 0003 003a 00000036
[    9740.487529] /dev/input/event2: 0000 0000 00000000
[    9740.495920] /dev/input/event2: 0003 0035 00000217
[    9740.495920] /dev/input/event2: 0003 0036 00000658
[    9740.495920] /dev/input/event2: 0003 0030 00000004
[    9740.495920] /dev/input/event2: 0000 0000 00000000
[    9740.504318] /dev/input/event2: 0003 0035 00000212
[    9740.504318] /dev/input/event2: 0003 0036 00000648
[    9740.504318] /dev/input/event2: 0000 0000 00000000
[    9740.512851] /dev/input/event2: 0003 0035 0000020c
[    9740.512851] /dev/input/event2: 0003 0036 00000637
[    9740.512851] /dev/input/event2: 0003 0030 00000005
[    9740.512851] /dev/input/event2: 0000 0000 00000000
[    9740.521373] /dev/input/event2: 0003 0035 00000207
[    9740.521373] /dev/input/event2: 0003 0036 00000626
[    9740.521373] /dev/input/event2: 0003 003a 00000037
[    9740.521373] /dev/input/event2: 0000 0000 00000000
[    9740.529792] /dev/input/event2: 0003 0035 00000202
[    9740.529792] /dev/input/event2: 0003 0036 00000615
[    9740.529792] /dev/input/event2: 0003 0030 00000004
[    9740.529792] /dev/input/event2: 0000 0000 00000000
[    9740.538313] /dev/input/event2: 0003 0035 000001fd
[    9740.538313] /dev/input/event2: 0003 0036 00000603
[    9740.538313] /dev/input/event2: 0003 0030 00000005
[    9740.538313] /dev/input/event2: 0003 0031 00000004
[    9740.538313] /dev/input/event2: 0000 0000 00000000
[    9740.546802] /dev/input/event2: 0003 0035 000001f9
[    9740.546802] /dev/input/event2: 0003 0036 000005f0
[    9740.546802] /dev/input/event2: 0003 003a 00000036
[    9740.546802] /dev/input/event2: 0000 0000 00000000
[    9740.555281] /dev/input/event2: 0003 0035 000001f6
[    9740.555281] /dev/input/event2: 0003 0036 000005dd
[    9740.555281] /dev/input/event2: 0003 0031 00000003
[    9740.555281] /dev/input/event2: 0000 0000 00000000
[    9740.563672] /dev/input/event2: 0003 0035 000001f4
[    9740.563672] /dev/input/event2: 0003 0036 000005c9
[    9740.563672] /dev/input/event2: 0000 0000 00000000
[    9740.572101] /dev/input/event2: 0003 0036 000005b6
[    9740.572101] /dev/input/event2: 0000 0000 00000000
[    9740.580700] /dev/input/event2: 0003 0035 000001f6
[    9740.580700] /dev/input/event2: 0003 0036 000005a4
[    9740.580700] /dev/input/event2: 0003 0031 00000004
[    9740.580700] /dev/input/event2: 0000 0000 00000000
[    9740.589117] /dev/input/event2: 0003 0035 000001fa
[    9740.589117] /dev/input/event2: 0003 0036 00000594
[    9740.589117] /dev/input/event2: 0003 003a 00000037
[    9740.589117] /dev/input/event2: 0000 0000 00000000
[    9740.597540] /dev/input/event2: 0003 0035 000001ff
[    9740.597540] /dev/input/event2: 0003 0036 00000585
[    9740.597540] /dev/input/event2: 0003 0031 00000003
[    9740.597540] /dev/input/event2: 0000 0000 00000000
[    9740.606004] /dev/input/event2: 0003 0035 00000205
[    9740.606004] /dev/input/event2: 0003 0036 00000578
[    9740.606004] /dev/input/event2: 0000 0000 00000000
[    9740.614452] /dev/input/event2: 0003 0035 0000020c
[    9740.614452] /dev/input/event2: 0003 0036 0000056d
[    9740.614452] /dev/input/event2: 0000 0000 00000000
[    9740.622995] /dev/input/event2: 0003 0035 00000214
[    9740.622995] /dev/input/event2: 0003 0036 00000564
[    9740.622995] /dev/input/event2: 0003 0031 00000004
[    9740.622995] /dev/input/event2: 0003 003a 00000038
[    9740.622995] /dev/input/event2: 0000 0000 00000000
[    9740.631366] /dev/input/event2: 0003 0035 0000021f
[    9740.631366] /dev/input/event2: 0003 0036 0000055b
[    9740.631366] /dev/input/event2: 0000 0000 00000000
[    9740.639911] /dev/input/event2: 0003 0035 0000022c
[    9740.639911] /dev/input/event2: 0003 0036 00000553
[    9740.639911] /dev/input/event2: 0000 0000 00000000
[    9740.648340] /dev/input/event2: 0003 0035 0000023d
[    9740.648340] /dev/input/event2: 0003 0036 0000054c
[    9740.648340] /dev/input/event2: 0003 0031 00000003
[    9740.648340] /dev/input/event2: 0003 003a 00000037
[    9740.648340] /dev/input/event2: 0000 0000 00000000
[    9740.656789] /dev/input/event2: 0003 0035 00000251
[    9740.656789] /dev/input/event2: 0003 0036 00000549
[    9740.656789] /dev/input/event2: 0003 003a 00000038
[    9740.656789] /dev/input/event2: 0000 0000 00000000
[    9740.664531] /dev/input/event2: 0003 0035 00000267
[    9740.664531] /dev/input/event2: 0003 0036 0000054b
[    9740.664531] /dev/input/event2: 0003 0031 00000004
[    9740.664531] /dev/input/event2: 0003 003a 00000033
[    9740.664531] /dev/input/event2: 0000 0000 00000000
[    9740.672989] /dev/input/event2: 0003 0035 00000280
[    9740.672989] /dev/input/event2: 0003 0036 00000551
[    9740.672989] /dev/input/event2: 0003 0031 00000003
[    9740.672989] /dev/input/event2: 0000 0000 00000000
[    9740.681475] /dev/input/event2: 0003 0035 00000299
[    9740.681475] /dev/input/event2: 0003 0036 0000055c
[    9740.681475] /dev/input/event2: 0000 0000 00000000
[    9740.689902] /dev/input/event2: 0003 0035 000002b5
[    9740.689902] /dev/input/event2: 0003 0036 0000056c
[    9740.689902] /dev/input/event2: 0000 0000 00000000
[    9740.698279] /dev/input/event2: 0003 0035 000002d0
[    9740.698279] /dev/input/event2: 0003 0036 00000580
[    9740.698279] /dev/input/event2: 0003 0031 00000004
[    9740.698279] /dev/input/event2: 0000 0000 00000000
[    9740.706738] /dev/input/event2: 0003 0035 000002e9
[    9740.706738] /dev/input/event2: 0003 0036 00000596
[    9740.706738] /dev/input/event2: 0000 0000 00000000
[    9740.715237] /dev/input/event2: 0003 0035 00000300
[    9740.715237] /dev/input/event2: 0003 0036 000005ac
[    9740.715237] /dev/input/event2: 0003 0031 00000003
[    9740.715237] /dev/input/event2: 0003 003a 00000034
[    9740.715237] /dev/input/event2: 0000 0000 00000000
[    9740.723723] /dev/input/event2: 0003 0035 00000316
[    9740.723723] /dev/input/event2: 0003 0036 000005c2
[    9740.723723] /dev/input/event2: 0003 0031 00000004
[    9740.723723] /dev/input/event2: 0000 0000 00000000
[    9740.732214] /dev/input/event2: 0003 0035 0000032a
[    9740.732214] /dev/input/event2: 0003 0036 000005d7
[    9740.732214] /dev/input/event2: 0003 003a 00000035
[    9740.732214] /dev/input/event2: 0000 0000 00000000
[    9740.741389] /dev/input/event2: 0003 0035 0000033a
[    9740.741389] /dev/input/event2: 0003 0036 000005e9
[    9740.741389] /dev/input/event2: 0003 003a 0000003b
[    9740.741389] /dev/input/event2: 0000 0000 00000000
[    9740.749941] /dev/input/event2: 0003 0035 00000347
[    9740.749941] /dev/input/event2: 0003 0036 000005fa
[    9740.749941] /dev/input/event2: 0000 0000 00000000
[    9740.758413] /dev/input/event2: 0003 0035 00000351
[    9740.758413] /dev/input/event2: 0003 0036 00000609
[    9740.758413] /dev/input/event2: 0003 003a 0000003c
[    9740.758413] /dev/input/event2: 0000 0000 00000000
[    9740.766859] /dev/input/event2: 0003 0035 00000358
[    9740.766859] /dev/input/event2: 0003 0036 00000616
[    9740.766859] /dev/input/event2: 0003 0031 00000003
[    9740.766859] /dev/input/event2: 0000 0000 00000000
[    9740.775285] /dev/input/event2: 0003 0035 0000035c
[    9740.775285] /dev/input/event2: 0003 0036 00000622
[    9740.775285] /dev/input/event2: 0000 0000 00000000
[    9740.783769] /dev/input/event2: 0003 0035 0000035e
[    9740.783769] /dev/input/event2: 0003 0036 0000062c
[    9740.783769] /dev/input/event2: 0000 0000 00000000
[    9740.792233] /dev/input/event2: 0003 0036 00000635
[    9740.792233] /dev/input/event2: 0003 0031 00000004
[    9740.792233] /dev/input/event2: 0000 0000 00000000
[    9740.800551] /dev/input/event2: 0003 0035 0000035b
[    9740.800551] /dev/input/event2: 0003 0036 0000063c
[    9740.800551] /dev/input/event2: 0003 003a 0000003b
[    9740.800551] /dev/input/event2: 0000 0000 00000000
[    9740.809202] /dev/input/event2: 0003 0035 00000356
[    9740.809202] /dev/input/event2: 0003 0036 00000641
[    9740.809202] /dev/input/event2: 0003 003a 0000003a
[    9740.809202] /dev/input/event2: 0000 0000 00000000
[    9740.817648] /dev/input/event2: 0003 0035 0000034d
[    9740.817648] /dev/input/event2: 0003 0036 00000646
[    9740.817648] /dev/input/event2: 0003 003a 00000039
[    9740.817648] /dev/input/event2: 0000 0000 00000000
[    9740.825285] /dev/input/event2: 0003 0035 0000033d
[    9740.825285] /dev/input/event2: 0003 0036 0000064a
[    9740.825285] /dev/input/event2: 0003 0030 00000004
[    9740.825285] /dev/input/event2: 0003 0031 00000003
[    9740.825285] /dev/input/event2: 0003 003a 00000034
[    9740.825285] /dev/input/event2: 0000 0000 00000000
[    9740.833817] /dev/input/event2: 0003 0035 00000329
[    9740.833817] /dev/input/event2: 0003 0036 0000064b
[    9740.833817] /dev/input/event2: 0003 0030 00000005
[    9740.833817] /dev/input/event2: 0003 003a 00000033
[    9740.833817] /dev/input/event2: 0000 0000 00000000
[    9740.842193] /dev/input/event2: 0003 0035 00000312
[    9740.842193] /dev/input/event2: 0003 0036 00000648
[    9740.842193] /dev/input/event2: 0000 0000 00000000
[    9740.850630] /dev/input/event2: 0003 0035 000002f8
[    9740.850630] /dev/input/event2: 0003 0036 00000641
[    9740.850630] /dev/input/event2: 0003 0031 00000004
[    9740.850630] /dev/input/event2: 0000 0000 00000000
[    9740.859212] /dev/input/event2: 0003 0035 000002e0
[    9740.859212] /dev/input/event2: 0003 0036 00000636
[    9740.859212] /dev/input/event2: 0003 0031 00000003
[    9740.859212] /dev/input/event2: 0000 0000 00000000
[    9740.867558] /dev/input/event2: 0003 0035 000002c9
[    9740.867558] /dev/input/event2: 0003 0036 00000628
[    9740.867558] /dev/input/event2: 0003 0030 00000004
[    9740.867558] /dev/input/event2: 0000 0000 00000000
[    9740.876112] /dev/input/event2: 0003 0035 000002b3
[    9740.876112] /dev/input/event2: 0003 0036 00000619
[    9740.876112] /dev/input/event2: 0003 0030 00000005
[    9740.876112] /dev/input/event2: 0000 0000 00000000
[    9740.885285] /dev/input/event2: 0003 0035 000002a1
[    9740.885285] /dev/input/event2: 0003 0036 0000060b
[    9740.885285] /dev/input/event2: 0003 0031 00000004
[    9740.885285] /dev/input/event2: 0003 003a 00000038
[    9740.885285] /dev/input/event2: 0000 0000 00000000
[    9740.893897] /dev/input/event2: 0003 0035 00000293
[    9740.893897] /dev/input/event2: 0003 0036 000005fd
[    9740.893897] /dev/input/event2: 0003 0031 00000003
[    9740.893897] /dev/input/event2: 0000 0000 00000000
[    9740.902249] /dev/input/event2: 0003 0035 00000287
[    9740.902249] /dev/input/event2: 0003 0036 000005ef
[    9740.902249] /dev/input/event2: 0003 0031 00000004
[    9740.902249] /dev/input/event2: 0000 0000 00000000
[    9740.910645] /dev/input/event2: 0003 0035 0000027d
[    9740.910645] /dev/input/event2: 0003 0036 000005e1
[    9740.910645] /dev/input/event2: 0003 003a 00000039
[    9740.910645] /dev/input/event2: 0000 0000 00000000
[    9740.919145] /dev/input/event2: 0003 0035 00000275
[    9740.919145] /dev/input/event2: 0003 0036 000005d5
[    9740.919145] /dev/input/event2: 0000 0000 00000000
[    9740.927662] /dev/input/event2: 0003 0035 00000270
[    9740.927662] /dev/input/event2: 0003 0036 000005ca
[    9740.927662] /dev/input/event2: 0003 003a 0000003a
[    9740.927662] /dev/input/event2: 0000 0000 00000000
[    9740.936149] /dev/input/event2: 0003 0035 0000026c
[    9740.936149] /dev/input/event2: 0003 0036 000005bf
[    9740.936149] /dev/input/event2: 0003 0031 00000003
[    9740.936149] /dev/input/event2: 0003 003a 00000039
[    9740.936149] /dev/input/event2: 0000 0000 00000000
[    9740.944647] /dev/input/event2: 0003 0035 0000026a
[    9740.944647] /dev/input/event2: 0003 0036 000005b5
[    9740.944647] /dev/input/event2: 0000 0000 00000000
[    9740.953098] /dev/input/event2: 0003 0036 000005ad
[    9740.953098] /dev/input/event2: 0000 0000 00000000
[    9740.961440] /dev/input/event2: 0003 0035 0000026c
[    9740.961440] /dev/input/event2: 0003 0036 000005a6
[    9740.961440] /dev/input/event2: 0000 0000 00000000
[    9740.970003] /dev/input/event2: 0003 0035 00000270
[    9740.970003] /dev/input/event2: 0003 0036 000005a1
[    9740.970003] /dev/input/event2: 0000 0000 00000000
[    9740.978458] /dev/input/event2: 0003 0035 00000276
[    9740.978458] /dev/input/event2: 0003 0036 0000059c
[    9740.978458] /dev/input/event2: 0000 0000 00000000
[    9740.986908] /dev/input/event2: 0003 0035 00000281
[    9740.986908] /dev/input/event2: 0003 0036 00000598
[    9740.986908] /dev/input/event2: 0003 003a 00000038
[    9740.986908] /dev/input/event2: 0000 0000 00000000
[    9740.995398] /dev/input/event2: 0003 0035 00000293
[    9740.995398] /dev/input/event2: 0003 0031 00000004
[    9740.995398] /dev/input/event2: 0000 0000 00000000
[    9741.003038] /dev/input/event2: 0003 0035 000002a9
[    9741.003038] /dev/input/event2: 0003 0036 0000059d
[    9741.003038] /dev/input/event2: 0003 003a 00000034
[    9741.003038] /dev/input/event2: 0000 0000 00000000
[    9741.011754] /dev/input/event2: 0003 0035 000002c0
[    9741.011754] /dev/input/event2: 0003 0036 000005a7
[    9741.011754] /dev/input/event2: 0003 003a 00000035
[    9741.011754] /dev/input/event2: 0000 0000 00000000
[    9741.019977] /dev/input/event2: 0003 0035 000002da
[    9741.019977] /dev/input/event2: 0003 0036 000005b4
[    9741.019977] /dev/input/event2: 0000 0000 00000000
[    9741.028418] /dev/input/event2: 0003 0035 000002ef
[    9741.028418] /dev/input/event2: 0003 0036 000005c1
[    9741.028418] /dev/input/event2: 0000 0000 00000000
[    9741.037714] /dev/input/event2: 0003 0035 00000302
[    9741.037714] /dev/input/event2: 0003 0036 000005cf
[    9741.037714] /dev/input/event2: 0003 003a 0000003b
[    9741.037714] /dev/input/event2: 0000 0000 00000000
[    9741.046143] /dev/input/event2: 0003 0035 00000313
[    9741.046143] /dev/input/event2: 0003 0036 000005dd
[    9741.046143] /dev/input/event2: 0003 003a 0000003c
[    9741.046143] /dev/input/event2: 0000 0000 00000000
[    9741.054682] /dev/input/event2: 0003 0035 00000322
[    9741.054682] /dev/input/event2: 0003 0036 000005eb
[    9741.054682] /dev/input/event2: 0003 003a 0000003d
[    9741.054682] /dev/input/event2: 0000 0000 00000000
[    9741.063225] /dev/input/event2: 0003 0035 0000032f
[    9741.063225] /dev/input/event2: 0003 0036 000005f8
[    9741.063225] /dev/input/event2: 0000 0000 00000000
[    9741.071666] /dev/input/event2: 0003 0035 0000033a
[    9741.071666] /dev/input/event2: 0003 0036 00000606
[    9741.071666] /dev/input/event2: 0003 003a 0000003e
[    9741.071666] /dev/input/event2: 0000 0000 00000000
[    9741.080148] /dev/input/event2: 0003 0035 00000344
[    9741.080148] /dev/input/event2: 0003 0036 00000614
[    9741.080148] /dev/input/event2: 0000 0000 00000000
[    9741.088544] /dev/input/event2: 0003 0035 0000034c
[    9741.088544] /dev/input/event2: 0003 0036 00000622
[    9741.088544] /dev/input/event2: 0003 0031 00000003
[    9741.088544] /dev/input/event2: 0003 003a 0000003d
[    9741.088544] /dev/input/event2: 0000 0000 00000000
[    9741.097029] /dev/input/event2: 0003 0035 00000351
[    9741.097029] /dev/input/event2: 0003 0036 0000062e
[    9741.097029] /dev/input/event2: 0003 0031 00000004
[    9741.097029] /dev/input/event2: 0003 003a 0000003c
[    9741.097029] /dev/input/event2: 0000 0000 00000000
[    9741.105498] /dev/input/event2: 0003 0035 00000354
[    9741.105498] /dev/input/event2: 0003 0036 00000639
[    9741.105498] /dev/input/event2: 0003 003a 0000003d
[    9741.105498] /dev/input/event2: 0000 0000 00000000
[    9741.113980] /dev/input/event2: 0003 0036 00000642
[    9741.113980] /dev/input/event2: 0003 003a 0000003c
[    9741.113980] /dev/input/event2: 0000 0000 00000000
[    9741.122303] /dev/input/event2: 0003 0035 00000351
[    9741.122303] /dev/input/event2: 0003 0036 00000649
[    9741.122303] /dev/input/event2: 0000 0000 00000000
[    9741.130825] /dev/input/event2: 0003 0035 0000034d
[    9741.130825] /dev/input/event2: 0003 0036 0000064e
[    9741.130825] /dev/input/event2: 0003 003a 0000003b
[    9741.130825] /dev/input/event2: 0000 0000 00000000
[    9741.139330] /dev/input/event2: 0003 0035 00000346
[    9741.139330] /dev/input/event2: 0003 0036 00000652
[    9741.139330] /dev/input/event2: 0003 003a 0000003a
[    9741.139330] /dev/input/event2: 0000 0000 00000000
[    9741.147021] /dev/input/event2: 0003 0035 00000336
[    9741.147021] /dev/input/event2: 0003 0036 00000654
[    9741.147021] /dev/input/event2: 0003 0030 00000004
[    9741.147021] /dev/input/event2: 0003 0031 00000003
[    9741.147021] /dev/input/event2: 0003 003a 00000034
[    9741.147021] /dev/input/event2: 0000 0000 00000000
[    9741.155439] /dev/input/event2: 0003 0035 00000320
[    9741.155439] /dev/input/event2: 0003 0036 00000652
[    9741.155439] /dev/input/event2: 0003 0030 00000005
[    9741.155439] /dev/input/event2: 0003 003a 00000033
[    9741.155439] /dev/input/event2: 0000 0000 00000000
[    9741.163965] /dev/input/event2: 0003 0035 00000308
[    9741.163965] /dev/input/event2: 0003 0036 00000649
[    9741.163965] /dev/input/event2: 0000 0000 00000000
[    9741.172424] /dev/input/event2: 0003 0035 000002ed
[    9741.172424] /dev/input/event2: 0003 0036 0000063b
[    9741.172424] /dev/input/event2: 0003 0030 00000004
[    9741.172424] /dev/input/event2: 0000 0000 00000000
[    9741.180898] /dev/input/event2: 0003 0035 000002d4
[    9741.180898] /dev/input/event2: 0003 0036 00000629
[    9741.180898] /dev/input/event2: 0003 0030 00000005
[    9741.180898] /dev/input/event2: 0003 003a 00000032
[    9741.180898] /dev/input/event2: 0000 0000 00000000
[    9741.189347] /dev/input/event2: 0003 0035 000002bb
[    9741.189347] /dev/input/event2: 0003 0036 00000614
[    9741.189347] /dev/input/event2: 0003 003a 00000033
[    9741.189347] /dev/input/event2: 0000 0000 00000000
[    9741.197907] /dev/input/event2: 0003 0035 000002a4
[    9741.197907] /dev/input/event2: 0003 0036 000005fe
[    9741.197907] /dev/input/event2: 0000 0000 00000000
[    9741.206303] /dev/input/event2: 0003 0035 0000028e
[    9741.206303] /dev/input/event2: 0003 0036 000005e6
[    9741.206303] /dev/input/event2: 0003 0031 00000004
[    9741.206303] /dev/input/event2: 0000 0000 00000000
[    9741.214747] /dev/input/event2: 0003 0035 0000027d
[    9741.214747] /dev/input/event2: 0003 0036 000005d0
[    9741.214747] /dev/input/event2: 0000 0000 00000000
[    9741.224046] /dev/input/event2: 0003 0035 00000270
[    9741.224046] /dev/input/event2: 0003 0036 000005be
[    9741.224046] /dev/input/event2: 0003 0031 00000003
[    9741.224046] /dev/input/event2: 0003 003a 00000039
[    9741.224046] /dev/input/event2: 0000 0000 00000000
[    9741.232562] /dev/input/event2: 0003 0035 00000267
[    9741.232562] /dev/input/event2: 0003 0036 000005af
[    9741.232562] /dev/input/event2: 0000 0000 00000000
[    9741.241042] /dev/input/event2: 0003 0035 00000261
[    9741.241042] /dev/input/event2: 0003 0036 000005a3
[    9741.241042] /dev/input/event2: 0003 0031 00000004
[    9741.241042] /dev/input/event2: 0000 0000 00000000
[    9741.249540] /dev/input/event2: 0003 0035 0000025d
[    9741.249540] /dev/input/event2: 0003 0036 00000599
[    9741.249540] /dev/input/event2: 0003 003a 0000003a
[    9741.249540] /dev/input/event2: 0000 0000 00000000
[    9741.257822] /dev/input/event2: 0003 0035 0000025c
[    9741.257822] /dev/input/event2: 0003 0036 00000592
[    9741.257822] /dev/input/event2: 0003 003a 00000039
[    9741.257822] /dev/input/event2: 0000 0000 00000000
[    9741.266391] /dev/input/event2: 0003 0036 0000058e
[    9741.266391] /dev/input/event2: 0003 003a 0000003a
[    9741.266391] /dev/input/event2: 0000 0000 00000000
[    9741.274800] /dev/input/event2: 0003 0035 0000025d
[    9741.274800] /dev/input/event2: 0003 0036 0000058c
[    9741.274800] /dev/input/event2: 0003 003a 00000039
[    9741.274800] /dev/input/event2: 0000 0000 00000000
[    9741.283348] /dev/input/event2: 0003 0035 00000266
[    9741.283348] /dev/input/event2: 0003 0036 0000058b
[    9741.283348] /dev/input/event2: 0003 0031 00000003
[    9741.283348] /dev/input/event2: 0000 0000 00000000
[    9741.290976] /dev/input/event2: 0003 0035 00000277
[    9741.290976] /dev/input/event2: 0003 0036 0000058f
[    9741.290976] /dev/input/event2: 0003 0031 00000004
[    9741.290976] /dev/input/event2: 0003 003a 00000034
[    9741.290976] /dev/input/event2: 0000 0000 00000000
[    9741.299435] /dev/input/event2: 0003 0035 0000028d
[    9741.299435] /dev/input/event2: 0003 0036 00000599
[    9741.299435] /dev/input/event2: 0003 003a 00000035
[    9741.299435] /dev/input/event2: 0000 0000 00000000
[    9741.307859] /dev/input/event2: 0003 0035 000002a6
[    9741.307859] /dev/input/event2: 0003 0036 000005a8
[    9741.307859] /dev/input/event2: 0000 0000 00000000
[    9741.316395] /dev/input/event2: 0003 0035 000002bc
[    9741.316395] /dev/input/event2: 0003 0036 000005ba
[    9741.316395] /dev/input/event2: 0000 0000 00000000
[    9741.324879] /dev/input/event2: 0003 0035 000002d3
[    9741.324879] /dev/input/event2: 0003 0036 000005ce
[    9741.324879] /dev/input/event2: 0003 003a 00000036
[    9741.324879] /dev/input/event2: 0000 0000 00000000
[    9741.333293] /dev/input/event2: 0003 0035 000002ea
[    9741.333293] /dev/input/event2: 0003 0036 000005e4
[    9741.333293] /dev/input/event2: 0000 0000 00000000
[    9741.341763] /dev/input/event2: 0003 0035 000002fd
[    9741.341763] /dev/input/event2: 0003 0036 000005f7
[    9741.341763] /dev/input/event2: 0000 0000 00000000
[    9741.351084] /dev/input/event2: 0003 0035 0000030d
[    9741.351084] /dev/input/event2: 0003 0036 00000608
[    9741.351084] /dev/input/event2: 0003 003a 0000003c
[    9741.351084] /dev/input/event2: 0000 0000 00000000
[    9741.359520] /dev/input/event2: 0003 0035 0000031a
[    9741.359520] /dev/input/event2: 0003 0036 00000618
[    9741.359520] /dev/input/event2: 0003 003a 0000003d
[    9741.359520] /dev/input/event2: 0000 0000 00000000
[    9741.368055] /dev/input/event2: 0003 0035 00000325
[    9741.368055] /dev/input/event2: 0003 0036 00000627
[    9741.368055] /dev/input/event2: 0003 003a 0000003e
[    9741.368055] /dev/input/event2: 0000 0000 00000000
[    9741.376497] /dev/input/event2: 0003 0035 0000032c
[    9741.376497] /dev/input/event2: 0003 0036 00000632
[    9741.376497] /dev/input/event2: 0000 0000 00000000
[    9741.385142] /dev/input/event2: 0003 0035 00000332
[    9741.385142] /dev/input/event2: 0003 0036 0000063b
[    9741.385142] /dev/input/event2: 0003 003a 0000003d
[    9741.385142] /dev/input/event2: 0000 0000 00000000
[    9741.393243] /dev/input/event2: 0003 0035 00000335
[    9741.393243] /dev/input/event2: 0003 0036 00000642
[    9741.393243] /dev/input/event2: 0000 0000 00000000
[    9741.401849] /dev/input/event2: 0003 0035 00000336
[    9741.401849] /dev/input/event2: 0003 0036 00000647
[    9741.401849] /dev/input/event2: 0000 0000 00000000
[    9741.410325] /dev/input/event2: 0003 0036 0000064b
[    9741.410325] /dev/input/event2: 0003 003a 0000003c
[    9741.410325] /dev/input/event2: 0000 0000 00000000
[    9741.418810] /dev/input/event2: 0003 0035 00000335
[    9741.418810] /dev/input/event2: 0003 0036 0000064e
[    9741.418810] /dev/input/event2: 0000 0000 00000000
[    9741.427323] /dev/input/event2: 0003 0035 00000333
[    9741.427323] /dev/input/event2: 0003 0036 0000064f
[    9741.427323] /dev/input/event2: 0003 0031 00000003
[    9741.427323] /dev/input/event2: 0003 003a 0000003b
[    9741.427323] /dev/input/event2: 0000 0000 00000000
[    9741.435657] /dev/input/event2: 0003 0035 0000032f
[    9741.435657] /dev/input/event2: 0003 0036 00000650
[    9741.435657] /dev/input/event2: 0000 0000 00000000
[    9741.444147] /dev/input/event2: 0003 0035 00000326
[    9741.444147] /dev/input/event2: 0003 0036 0000064f
[    9741.444147] /dev/input/event2: 0003 0031 00000004
[    9741.444147] /dev/input/event2: 0000 0000 00000000
[    9741.452599] /dev/input/event2: 0003 0035 00000319
[    9741.452599] /dev/input/event2: 0003 0036 00000649
[    9741.452599] /dev/input/event2: 0003 003a 0000003a
[    9741.452599] /dev/input/event2: 0000 0000 00000000
[    9741.461171] /dev/input/event2: 0003 0035 0000030a
[    9741.461171] /dev/input/event2: 0003 0036 00000641
[    9741.461171] /dev/input/event2: 0003 003a 0000003b
[    9741.461171] /dev/input/event2: 0000 0000 00000000
[    9741.469611] /dev/input/event2: 0003 0035 000002fc
[    9741.469611] /dev/input/event2: 0003 0036 00000635
[    9741.469611] /dev/input/event2: 0003 0031 00000003
[    9741.469611] /dev/input/event2: 0003 003a 0000003a
[    9741.469611] /dev/input/event2: 0000 0000 00000000
[    9741.477878] /dev/input/event2: 0003 0035 000002ec
[    9741.477878] /dev/input/event2: 0003 0036 00000627
[    9741.477878] /dev/input/event2: 0000 0000 00000000
[    9741.486538] /dev/input/event2: 0003 0035 000002dc
[    9741.486538] /dev/input/event2: 0003 0036 00000616
[    9741.486538] /dev/input/event2: 0003 0031 00000004
[    9741.486538] /dev/input/event2: 0000 0000 00000000
[    9741.494958] /dev/input/event2: 0003 0035 000002ce
[    9741.494958] /dev/input/event2: 0003 0036 00000605
[    9741.494958] /dev/input/event2: 0000 0000 00000000
[    9741.503505] /dev/input/event2: 0003 0035 000002c2
[    9741.503505] /dev/input/event2: 0003 0036 000005f4
[    9741.503505] /dev/input/event2: 0003 003a 0000003b
[    9741.503505] /dev/input/event2: 0000 0000 00000000
[    9741.511919] /dev/input/event2: 0003 0035 000002b9
[    9741.511919] /dev/input/event2: 0003 0036 000005e3
[    9741.511919] /dev/input/event2: 0003 003a 0000003a
[    9741.511919] /dev/input/event2: 0000 0000 00000000
[    9741.520450] /dev/input/event2: 0003 0035 000002b2
[    9741.520450] /dev/input/event2: 0003 0036 000005d5
[    9741.520450] /dev/input/event2: 0000 0000 00000000
[    9741.528891] /dev/input/event2: 0003 0035 000002ae
[    9741.528891] /dev/input/event2: 0003 0036 000005ca
[    9741.528891] /dev/input/event2: 0003 003a 0000003b
[    9741.528891] /dev/input/event2: 0000 0000 00000000
[    9741.537269] /dev/input/event2: 0003 0035 000002ac
[    9741.537269] /dev/input/event2: 0003 0036 000005c1
[    9741.537269] /dev/input/event2: 0000 0000 00000000
[    9741.545651] /dev/input/event2: 0003 0035 000002ab
[    9741.545651] /dev/input/event2: 0003 0036 000005ba
[    9741.545651] /dev/input/event2: 0003 003a 0000003a
[    9741.545651] /dev/input/event2: 0000 0000 00000000
[    9741.554190] /dev/input/event2: 0003 0036 000005b4
[    9741.554190] /dev/input/event2: 0003 003a 0000003b
[    9741.554190] /dev/input/event2: 0000 0000 00000000
[    9741.562616] /dev/input/event2: 0003 0035 000002ad
[    9741.562616] /dev/input/event2: 0003 0036 000005b0
[    9741.562616] /dev/input/event2: 0003 003a 0000003a
[    9741.562616] /dev/input/event2: 0000 0000 00000000
[    9741.571036] /dev/input/event2: 0003 0035 000002b1
[    9741.571036] /dev/input/event2: 0003 0036 000005ac
[    9741.571036] /dev/input/event2: 0000 0000 00000000
[    9741.579515] /dev/input/event2: 0003 0035 000002bb
[    9741.579515] /dev/input/event2: 0003 0036 000005a9
[    9741.579515] /dev/input/event2: 0000 0000 00000000
[    9741.588127] /dev/input/event2: 0003 0035 000002cb
[    9741.588127] /dev/input/event2: 0003 0036 000005ab
[    9741.588127] /dev/input/event2: 0003 003a 0000003b
[    9741.588127] /dev/input/event2: 0000 0000 00000000
[    9741.595806] /dev/input/event2: 0003 0035 000002e1
[    9741.595806] /dev/input/event2: 0003 0036 000005b5
[    9741.595806] /dev/input/event2: 0003 003a 00000036
[    9741.595806] /dev/input/event2: 0000 0000 00000000
[    9741.605082] /dev/input/event2: 0003 0035 000002fb
[    9741.605082] /dev/input/event2: 0003 0036 000005c6
[    9741.605082] /dev/input/event2: 0003 003a 0000003a
[    9741.605082] /dev/input/event2: 0000 0000 00000000
[    9741.612697] /dev/input/event2: 0003 0035 0000030f
[    9741.612697] /dev/input/event2: 0003 0036 000005d7
[    9741.612697] /dev/input/event2: 0003 003a 00000036
[    9741.612697] /dev/input/event2: 0000 0000 00000000
[    9741.621231] /dev/input/event2: 0003 0035 00000327
[    9741.621231] /dev/input/event2: 0003 0036 000005ed
[    9741.621231] /dev/input/event2: 0003 003a 00000037
[    9741.621231] /dev/input/event2: 0000 0000 00000000
[    9741.629666] /dev/input/event2: 0003 0035 0000033f
[    9741.629666] /dev/input/event2: 0003 0036 00000606
[    9741.629666] /dev/input/event2: 0000 0000 00000000
[    9741.638281] /dev/input/event2: 0003 0035 00000350
[    9741.638281] /dev/input/event2: 0003 0036 0000061a
[    9741.638281] /dev/input/event2: 0000 0000 00000000
[    9741.646700] /dev/input/event2: 0003 0035 00000360
[    9741.646700] /dev/input/event2: 0003 0036 00000630
[    9741.646700] /dev/input/event2: 0000 0000 00000000
[    9741.655920] /dev/input/event2: 0003 0035 0000036e
[    9741.655920] /dev/input/event2: 0003 0036 00000647
[    9741.655920] /dev/input/event2: 0003 003a 0000003e
[    9741.655920] /dev/input/event2: 0000 0000 00000000
[    9741.664196] /dev/input/event2: 0003 0035 00000378
[    9741.664196] /dev/input/event2: 0003 0036 00000658
[    9741.664196] /dev/input/event2: 0000 0000 00000000
[    9741.672614] /dev/input/event2: 0003 0035 0000037f
[    9741.672614] /dev/input/event2: 0003 0036 00000666
[    9741.672614] /dev/input/event2: 0000 0000 00000000
[    9741.681170] /dev/input/event2: 0003 0035 00000383
[    9741.681170] /dev/input/event2: 0003 0036 00000672
[    9741.681170] /dev/input/event2: 0003 003a 0000003f
[    9741.681170] /dev/input/event2: 0000 0000 00000000
[    9741.689597] /dev/input/event2: 0003 0035 00000385
[    9741.689597] /dev/input/event2: 0003 0036 0000067d
[    9741.689597] /dev/input/event2: 0003 003a 0000003e
[    9741.689597] /dev/input/event2: 0000 0000 00000000
[    9741.698254] /dev/input/event2: 0003 0036 00000684
[    9741.698254] /dev/input/event2: 0000 0000 00000000
[    9741.706717] /dev/input/event2: 0003 0035 00000383
[    9741.706717] /dev/input/event2: 0003 0036 00000688
[    9741.706717] /dev/input/event2: 0003 0031 00000003
[    9741.706717] /dev/input/event2: 0003 003a 0000003d
[    9741.706717] /dev/input/event2: 0000 0000 00000000
[    9741.715196] /dev/input/event2: 0003 0035 0000037f
[    9741.715196] /dev/input/event2: 0003 0036 0000068b
[    9741.715196] /dev/input/event2: 0003 003a 0000003c
[    9741.715196] /dev/input/event2: 0000 0000 00000000
[    9741.723625] /dev/input/event2: 0003 0035 00000377
[    9741.723625] /dev/input/event2: 0003 0036 0000068d
[    9741.723625] /dev/input/event2: 0003 0031 00000004
[    9741.723625] /dev/input/event2: 0000 0000 00000000
[    9741.731940] /dev/input/event2: 0003 0035 00000366
[    9741.731940] /dev/input/event2: 0003 0036 0000068a
[    9741.731940] /dev/input/event2: 0003 003a 0000003b
[    9741.731940] /dev/input/event2: 0000 0000 00000000
[    9741.739671] /dev/input/event2: 0003 0035 00000353
[    9741.739671] /dev/input/event2: 0003 0036 00000681
[    9741.739671] /dev/input/event2: 0003 003a 00000035
[    9741.739671] /dev/input/event2: 0000 0000 00000000
[    9741.749067] /dev/input/event2: 0003 0035 00000340
[    9741.749067] /dev/input/event2: 0003 0036 00000674
[    9741.749067] /dev/input/event2: 0003 003a 0000003b
[    9741.749067] /dev/input/event2: 0000 0000 00000000
[    9741.757437] /dev/input/event2: 0003 0035 0000032f
[    9741.757437] /dev/input/event2: 0003 0036 00000665
[    9741.757437] /dev/input/event2: 0003 0031 00000003
[    9741.757437] /dev/input/event2: 0003 003a 0000003a
[    9741.757437] /dev/input/event2: 0000 0000 00000000
[    9741.765925] /dev/input/event2: 0003 0035 0000031b
[    9741.765925] /dev/input/event2: 0003 0036 00000651
[    9741.765925] /dev/input/event2: 0003 0031 00000004
[    9741.765925] /dev/input/event2: 0000 0000 00000000
[    9741.773648] /dev/input/event2: 0003 0035 00000307
[    9741.773648] /dev/input/event2: 0003 0036 0000063c
[    9741.773648] /dev/input/event2: 0003 003a 00000035
[    9741.773648] /dev/input/event2: 0000 0000 00000000
[    9741.782060] /dev/input/event2: 0003 0035 000002f7
[    9741.782060] /dev/input/event2: 0003 0036 00000628
[    9741.782060] /dev/input/event2: 0003 0031 00000003
[    9741.782060] /dev/input/event2: 0000 0000 00000000
[    9741.791348] /dev/input/event2: 0003 0035 000002eb
[    9741.791348] /dev/input/event2: 0003 0036 00000616
[    9741.791348] /dev/input/event2: 0003 0031 00000004
[    9741.791348] /dev/input/event2: 0003 003a 0000003b
[    9741.791348] /dev/input/event2: 0000 0000 00000000
[    9741.799878] /dev/input/event2: 0003 0035 000002e0
[    9741.799878] /dev/input/event2: 0003 0036 00000605
[    9741.799878] /dev/input/event2: 0003 003a 0000003a
[    9741.799878] /dev/input/event2: 0000 0000 00000000
[    9741.808100] /dev/input/event2: 0003 0035 000002d9
[    9741.808100] /dev/input/event2: 0003 0036 000005f8
[    9741.808100] /dev/input/event2: 0003 003a 0000003b
[    9741.808100] /dev/input/event2: 0000 0000 00000000
[    9741.816730] /dev/input/event2: 0003 0035 000002d5
[    9741.816730] /dev/input/event2: 0003 0036 000005ee
[    9741.816730] /dev/input/event2: 0000 0000 00000000
[    9741.825226] /dev/input/event2: 0003 0035 000002d2
[    9741.825226] /dev/input/event2: 0003 0036 000005e6
[    9741.825226] /dev/input/event2: 0000 0000 00000000
[    9741.833696] /dev/input/event2: 0003 0035 000002d1
[    9741.833696] /dev/input/event2: 0003 0036 000005e0
[    9741.833696] /dev/input/event2: 0000 0000 00000000
[    9741.842107] /dev/input/event2: 0003 0035 000002d2
[    9741.842107] /dev/input/event2: 0003 0036 000005da
[    9741.842107] /dev/input/event2: 0003 0031 00000003
[    9741.842107] /dev/input/event2: 0000 0000 00000000
[    9741.850676] /dev/input/event2: 0003 0035 000002d4
[    9741.850676] /dev/input/event2: 0003 0036 000005d6
[    9741.850676] /dev/input/event2: 0000 0000 00000000
[    9741.859095] /dev/input/event2: 0003 0035 000002da
[    9741.859095] /dev/input/event2: 0003 0036 000005d3
[    9741.859095] /dev/input/event2: 0003 003a 0000003a
[    9741.859095] /dev/input/event2: 0000 0000 00000000
[    9741.867629] /dev/input/event2: 0003 0035 000002ea
[    9741.867629] /dev/input/event2: 0003 0036 000005d2
[    9741.867629] /dev/input/event2: 0003 0031 00000004
[    9741.867629] /dev/input/event2: 0003 003a 0000003b
[    9741.867629] /dev/input/event2: 0000 0000 00000000
[    9741.875996] /dev/input/event2: 0003 0035 00000303
[    9741.875996] /dev/input/event2: 0003 0036 000005d9
[    9741.875996] /dev/input/event2: 0003 003a 0000003a
[    9741.875996] /dev/input/event2: 0000 0000 00000000
[    9741.883679] /dev/input/event2: 0003 0035 00000319
[    9741.883679] /dev/input/event2: 0003 0036 000005e3
[    9741.883679] /dev/input/event2: 0003 003a 00000035
[    9741.883679] /dev/input/event2: 0000 0000 00000000
[    9741.892183] /dev/input/event2: 0003 0035 00000334
[    9741.892183] /dev/input/event2: 0003 0036 000005f1
[    9741.892183] /dev/input/event2: 0003 003a 00000036
[    9741.892183] /dev/input/event2: 0000 0000 00000000
[    9741.900550] /dev/input/event2: 0003 0035 0000034d
[    9741.900550] /dev/input/event2: 0003 0036 00000602
[    9741.900550] /dev/input/event2: 0000 0000 00000000
[    9741.909104] /dev/input/event2: 0003 0035 0000035e
[    9741.909104] /dev/input/event2: 0003 0036 00000612
[    9741.909104] /dev/input/event2: 0000 0000 00000000
[    9741.917633] /dev/input/event2: 0003 0035 00000373
[    9741.917633] /dev/input/event2: 0003 0036 00000623
[    9741.917633] /dev/input/event2: 0003 003a 00000037
[    9741.917633] /dev/input/event2: 0000 0000 00000000
[    9741.926776] /dev/input/event2: 0003 0035 00000386
[    9741.926776] /dev/input/event2: 0003 0036 00000633
[    9741.926776] /dev/input/event2: 0003 003a 0000003e
[    9741.926776] /dev/input/event2: 0000 0000 00000000
[    9741.935370] /dev/input/event2: 0003 0035 00000393
[    9741.935370] /dev/input/event2: 0003 0036 00000641
[    9741.935370] /dev/input/event2: 0003 003a 0000003f
[    9741.935370] /dev/input/event2: 0000 0000 00000000
[    9741.943749] /dev/input/event2: 0003 0035 0000039e
[    9741.943749] /dev/input/event2: 0003 0036 00000650
[    9741.943749] /dev/input/event2: 0003 003a 0000003e
[    9741.943749] /dev/input/event2: 0000 0000 00000000
[    9741.952190] /dev/input/event2: 0003 0035 000003a5
[    9741.952190] /dev/input/event2: 0003 0036 0000065d
[    9741.952190] /dev/input/event2: 0003 003a 0000003f
[    9741.952190] /dev/input/event2: 0000 0000 00000000
[    9741.960703] /dev/input/event2: 0003 0035 000003a9
[    9741.960703] /dev/input/event2: 0003 0036 00000666
[    9741.960703] /dev/input/event2: 0000 0000 00000000
[    9741.969162] /dev/input/event2: 0003 0035 000003ab
[    9741.969162] /dev/input/event2: 0003 0036 0000066e
[    9741.969162] /dev/input/event2: 0000 0000 00000000
[    9741.977573] /dev/input/event2: 0003 0035 000003ac
[    9741.977573] /dev/input/event2: 0003 0036 00000674
[    9741.977573] /dev/input/event2: 0000 0000 00000000
[    9741.986115] /dev/input/event2: 0003 0035 000003ab
[    9741.986115] /dev/input/event2: 0003 0036 0000067a
[    9741.986115] /dev/input/event2: 0003 003a 0000003e
[    9741.986115] /dev/input/event2: 0000 0000 00000000
[    9741.994614] /dev/input/event2: 0003 0035 000003a8
[    9741.994614] /dev/input/event2: 0003 0036 0000067f
[    9741.994614] /dev/input/event2: 0000 0000 00000000
[    9742.002882] /dev/input/event2: 0003 0035 000003a2
[    9742.002882] /dev/input/event2: 0003 0036 00000682
[    9742.002882] /dev/input/event2: 0003 003a 0000003d
[    9742.002882] /dev/input/event2: 0000 0000 00000000
[    9742.011444] /dev/input/event2: 0003 0035 00000395
[    9742.011444] /dev/input/event2: 0003 0036 00000685
[    9742.011444] /dev/input/event2: 0000 0000 00000000
[    9742.019935] /dev/input/event2: 0003 0035 00000385
[    9742.019935] /dev/input/event2: 0003 0036 00000684
[    9742.019935] /dev/input/event2: 0003 003a 0000003c
[    9742.019935] /dev/input/event2: 0000 0000 00000000
[    9742.028379] /dev/input/event2: 0003 0035 00000375
[    9742.028379] /dev/input/event2: 0003 0036 0000067f
[    9742.028379] /dev/input/event2: 0000 0000 00000000
[    9742.036136] /dev/input/event2: 0003 0035 00000362
[    9742.036136] /dev/input/event2: 0003 0036 00000676
[    9742.036136] /dev/input/event2: 0003 003a 00000036
[    9742.036136] /dev/input/event2: 0000 0000 00000000
[    9742.045321] /dev/input/event2: 0003 0035 0000034e
[    9742.045321] /dev/input/event2: 0003 0036 0000066a
[    9742.045321] /dev/input/event2: 0003 0031 00000003
[    9742.045321] /dev/input/event2: 0003 003a 0000003b
[    9742.045321] /dev/input/event2: 0000 0000 00000000
[    9742.053892] /dev/input/event2: 0003 0035 0000033d
[    9742.053892] /dev/input/event2: 0003 0036 0000065d
[    9742.053892] /dev/input/event2: 0003 0031 00000004
[    9742.053892] /dev/input/event2: 0000 0000 00000000
[    9742.062233] /dev/input/event2: 0003 0035 0000032e
[    9742.062233] /dev/input/event2: 0003 0036 0000064f
[    9742.062233] /dev/input/event2: 0000 0000 00000000
[    9742.070670] /dev/input/event2: 0003 0035 0000031d
[    9742.070670] /dev/input/event2: 0003 0036 00000640
[    9742.070670] /dev/input/event2: 0000 0000 00000000
[    9742.079175] /dev/input/event2: 0003 0035 0000030f
[    9742.079175] /dev/input/event2: 0003 0036 00000633
[    9742.079175] /dev/input/event2: 0000 0000 00000000
[    9742.087861] /dev/input/event2: 0003 0035 00000302
[    9742.087861] /dev/input/event2: 0003 0036 00000625
[    9742.087861] /dev/input/event2: 0003 0031 00000003
[    9742.087861] /dev/input/event2: 0000 0000 00000000
[    9742.096142] /dev/input/event2: 0003 0035 000002f9
[    9742.096142] /dev/input/event2: 0003 0036 00000618
[    9742.096142] /dev/input/event2: 0003 0031 00000004
[    9742.096142] /dev/input/event2: 0000 0000 00000000
[    9742.104558] /dev/input/event2: 0003 0035 000002f2
[    9742.104558] /dev/input/event2: 0003 0036 0000060c
[    9742.104558] /dev/input/event2: 0000 0000 00000000
[    9742.113062] /dev/input/event2: 0003 0035 000002ee
[    9742.113062] /dev/input/event2: 0003 0036 00000604
[    9742.113062] /dev/input/event2: 0000 0000 00000000
[    9742.121397] /dev/input/event2: 0003 0035 000002eb
[    9742.121397] /dev/input/event2: 0003 0036 000005fd
[    9742.121397] /dev/input/event2: 0003 003a 0000003c
[    9742.121397] /dev/input/event2: 0000 0000 00000000
[    9742.130119] /dev/input/event2: 0003 0035 000002ea
[    9742.130119] /dev/input/event2: 0003 0036 000005f8
[    9742.130119] /dev/input/event2: 0000 0000 00000000
[    9742.138371] /dev/input/event2: 0003 0035 000002e9
[    9742.138371] /dev/input/event2: 0003 0036 000005f4
[    9742.138371] /dev/input/event2: 0003 003a 0000003b
[    9742.138371] /dev/input/event2: 0000 0000 00000000
[    9742.146779] /dev/input/event2: 0003 0036 000005f0
[    9742.146779] /dev/input/event2: 0000 0000 00000000
[    9742.155294] /dev/input/event2: 0003 0035 000002ea
[    9742.155294] /dev/input/event2: 0003 0036 000005ee
[    9742.155294] /dev/input/event2: 0000 0000 00000000
[    9742.163866] /dev/input/event2: 0003 0035 000002f0
[    9742.163866] /dev/input/event2: 0003 0036 000005eb
[    9742.163866] /dev/input/event2: 0000 0000 00000000
[    9742.172259] /dev/input/event2: 0003 0035 000002fa
[    9742.172259] /dev/input/event2: 0003 0036 000005e9
[    9742.172259] /dev/input/event2: 0003 003a 0000003a
[    9742.172259] /dev/input/event2: 0000 0000 00000000
[    9742.180692] /dev/input/event2: 0003 0035 00000306
[    9742.180692] /dev/input/event2: 0003 0036 000005ea
[    9742.180692] /dev/input/event2: 0003 003a 0000003b
[    9742.180692] /dev/input/event2: 0000 0000 00000000
[    9742.189413] /dev/input/event2: 0003 0035 00000313
[    9742.189413] /dev/input/event2: 0003 0036 000005ef
[    9742.189413] /dev/input/event2: 0003 003a 0000003c
[    9742.189413] /dev/input/event2: 0000 0000 00000000
[    9742.197719] /dev/input/event2: 0003 0035 0000031f
[    9742.197719] /dev/input/event2: 0003 0036 000005f7
[    9742.197719] /dev/input/event2: 0000 0000 00000000
[    9742.206179] /dev/input/event2: 0003 0035 0000032e
[    9742.206179] /dev/input/event2: 0003 0036 00000604
[    9742.206179] /dev/input/event2: 0003 003a 0000003d
[    9742.206179] /dev/input/event2: 0000 0000 00000000
[    9742.214657] /dev/input/event2: 0003 0035 0000033d
[    9742.214657] /dev/input/event2: 0003 0036 00000614
[    9742.214657] /dev/input/event2: 0000 0000 00000000
[    9742.223348] /dev/input/event2: 0003 0035 0000034a
[    9742.223348] /dev/input/event2: 0003 0036 00000623
[    9742.223348] /dev/input/event2: 0000 0000 00000000
[    9742.231658] /dev/input/event2: 0003 0035 00000358
[    9742.231658] /dev/input/event2: 0003 0036 00000636
[    9742.231658] /dev/input/event2: 0003 003a 0000003e
[    9742.231658] /dev/input/event2: 0000 0000 00000000
[    9742.240079] /dev/input/event2: 0003 0035 00000362
[    9742.240079] /dev/input/event2: 0003 0036 00000648
[    9742.240079] /dev/input/event2: 0000 0000 00000000
[    9742.248514] /dev/input/event2: 0003 0035 0000036a
[    9742.248514] /dev/input/event2: 0003 0036 00000658
[    9742.248514] /dev/input/event2: 0000 0000 00000000
[    9742.257033] /dev/input/event2: 0003 0035 0000036e
[    9742.257033] /dev/input/event2: 0003 0036 00000662
[    9742.257033] /dev/input/event2: 0000 0000 00000000
[    9742.265448] /dev/input/event2: 0003 0035 00000370
[    9742.265448] /dev/input/event2: 0003 0036 0000066b
[    9742.265448] /dev/input/event2: 0000 0000 00000000
[    9742.274044] /dev/input/event2: 0003 0035 00000371
[    9742.274044] /dev/input/event2: 0003 0036 00000671
[    9742.274044] /dev/input/event2: 0000 0000 00000000
[    9742.282456] /dev/input/event2: 0003 0036 00000676
[    9742.282456] /dev/input/event2: 0000 0000 00000000
[    9742.290947] /dev/input/event2: 0003 0035 00000370
[    9742.290947] /dev/input/event2: 0003 0036 0000067a
[    9742.290947] /dev/input/event2: 0003 003a 0000003d
[    9742.290947] /dev/input/event2: 0000 0000 00000000
[    9742.299380] /dev/input/event2: 0003 0035 0000036e
[    9742.299380] /dev/input/event2: 0003 0036 0000067d
[    9742.299380] /dev/input/event2: 0000 0000 00000000
[    9742.307791] /dev/input/event2: 0003 0035 0000036c
[    9742.307791] /dev/input/event2: 0003 0036 0000067f
[    9742.307791] /dev/input/event2: 0000 0000 00000000
[    9742.316373] /dev/input/event2: 0003 0035 00000366
[    9742.316373] /dev/input/event2: 0003 0036 00000680
[    9742.316373] /dev/input/event2: 0003 003a 0000003c
[    9742.316373] /dev/input/event2: 0000 0000 00000000
[    9742.324826] /dev/input/event2: 0003 0035 0000035b
[    9742.324826] /dev/input/event2: 0000 0000 00000000
[    9742.333296] /dev/input/event2: 0003 0035 0000034e
[    9742.333296] /dev/input/event2: 0003 0036 0000067c
[    9742.333296] /dev/input/event2: 0003 003a 0000003b
[    9742.333296] /dev/input/event2: 0000 0000 00000000
[    9742.341695] /dev/input/event2: 0003 0035 00000341
[    9742.341695] /dev/input/event2: 0003 0036 00000676
[    9742.341695] /dev/input/event2: 0003 003a 0000003c
[    9742.341695] /dev/input/event2: 0000 0000 00000000
[    9742.350219] /dev/input/event2: 0003 0035 00000335
[    9742.350219] /dev/input/event2: 0003 0036 0000066e
[    9742.350219] /dev/input/event2: 0003 003a 0000003b
[    9742.350219] /dev/input/event2: 0000 0000 00000000
[    9742.358673] /dev/input/event2: 0003 0035 00000328
[    9742.358673] /dev/input/event2: 0003 0036 00000664
[    9742.358673] /dev/input/event2: 0003 0031 00000003
[    9742.358673] /dev/input/event2: 0003 003a 0000003a
[    9742.358673] /dev/input/event2: 0000 0000 00000000
[    9742.366975] /dev/input/event2: 0003 0035 0000031a
[    9742.366975] /dev/input/event2: 0003 0036 00000657
[    9742.366975] /dev/input/event2: 0003 0031 00000004
[    9742.366975] /dev/input/event2: 0000 0000 00000000
[    9742.375463] /dev/input/event2: 0003 0035 0000030d
[    9742.375463] /dev/input/event2: 0003 0036 00000649
[    9742.375463] /dev/input/event2: 0000 0000 00000000
[    9742.383982] /dev/input/event2: 0003 0035 00000302
[    9742.383982] /dev/input/event2: 0003 0036 0000063c
[    9742.383982] /dev/input/event2: 0000 0000 00000000
[    9742.392484] /dev/input/event2: 0003 0035 000002f9
[    9742.392484] /dev/input/event2: 0003 0036 0000062f
[    9742.392484] /dev/input/event2: 0003 003a 0000003b
[    9742.392484] /dev/input/event2: 0000 0000 00000000
[    9742.400989] /dev/input/event2: 0003 0035 000002f2
[    9742.400989] /dev/input/event2: 0003 0036 00000622
[    9742.400989] /dev/input/event2: 0003 0031 00000003
[    9742.400989] /dev/input/event2: 0003 003a 0000003a
[    9742.400989] /dev/input/event2: 0000 0000 00000000
[    9742.409471] /dev/input/event2: 0003 0035 000002ed
[    9742.409471] /dev/input/event2: 0003 0036 00000618
[    9742.409471] /dev/input/event2: 0003 0031 00000004
[    9742.409471] /dev/input/event2: 0000 0000 00000000
[    9742.417914] /dev/input/event2: 0003 0035 000002ea
[    9742.417914] /dev/input/event2: 0003 0036 00000610
[    9742.417914] /dev/input/event2: 0003 003a 0000003b
[    9742.417914] /dev/input/event2: 0000 0000 00000000
[    9742.426377] /dev/input/event2: 0003 0035 000002e8
[    9742.426377] /dev/input/event2: 0003 0036 00000609
[    9742.426377] /dev/input/event2: 0000 0000 00000000
[    9742.434867] /dev/input/event2: 0003 0036 00000603
[    9742.434867] /dev/input/event2: 0000 0000 00000000
[    9742.443376] /dev/input/event2: 0003 0036 000005ff
[    9742.443376] /dev/input/event2: 0000 0000 00000000
[    9742.451756] /dev/input/event2: 0003 0035 000002e9
[    9742.451756] /dev/input/event2: 0003 0036 000005fc
[    9742.451756] /dev/input/event2: 0000 0000 00000000
[    9742.460184] /dev/input/event2: 0003 0035 000002ec
[    9742.460184] /dev/input/event2: 0003 0036 000005f9
[    9742.460184] /dev/input/event2: 0000 0000 00000000
[    9742.468697] /dev/input/event2: 0003 0035 000002f3
[    9742.468697] /dev/input/event2: 0003 0036 000005f7
[    9742.468697] /dev/input/event2: 0000 0000 00000000
[    9742.477249] /dev/input/event2: 0003 0035 000002fe
[    9742.477249] /dev/input/event2: 0000 0000 00000000
[    9742.485662] /dev/input/event2: 0003 0035 0000030a
[    9742.485662] /dev/input/event2: 0003 0036 000005fb
[    9742.485662] /dev/input/event2: 0003 003a 0000003c
[    9742.485662] /dev/input/event2: 0000 0000 00000000
[    9742.494125] /dev/input/event2: 0003 0035 00000315
[    9742.494125] /dev/input/event2: 0003 0036 00000601
[    9742.494125] /dev/input/event2: 0003 0031 00000003
[    9742.494125] /dev/input/event2: 0000 0000 00000000
[    9742.502604] /dev/input/event2: 0003 0035 00000321
[    9742.502604] /dev/input/event2: 0003 0036 0000060a
[    9742.502604] /dev/input/event2: 0003 0031 00000004
[    9742.502604] /dev/input/event2: 0000 0000 00000000
[    9742.511038] /dev/input/event2: 0003 0035 0000032e
[    9742.511038] /dev/input/event2: 0003 0036 00000615
[    9742.511038] /dev/input/event2: 0000 0000 00000000
[    9742.519536] /dev/input/event2: 0003 0035 0000033a
[    9742.519536] /dev/input/event2: 0003 0036 00000620
[    9742.519536] /dev/input/event2: 0000 0000 00000000
[    9742.528031] /dev/input/event2: 0003 0035 00000346
[    9742.528031] /dev/input/event2: 0003 0036 0000062b
[    9742.528031] /dev/input/event2: 0003 003a 0000003d
[    9742.528031] /dev/input/event2: 0000 0000 00000000
[    9742.536443] /dev/input/event2: 0003 0035 00000350
[    9742.536443] /dev/input/event2: 0003 0036 00000636
[    9742.536443] /dev/input/event2: 0003 003a 0000003e
[    9742.536443] /dev/input/event2: 0000 0000 00000000
[    9742.545055] /dev/input/event2: 0003 0035 00000357
[    9742.545055] /dev/input/event2: 0003 0036 00000641
[    9742.545055] /dev/input/event2: 0000 0000 00000000
[    9742.553467] /dev/input/event2: 0003 0035 0000035c
[    9742.553467] /dev/input/event2: 0003 0036 00000649
[    9742.553467] /dev/input/event2: 0000 0000 00000000
[    9742.561900] /dev/input/event2: 0003 0035 0000035f
[    9742.561900] /dev/input/event2: 0003 0036 00000650
[    9742.561900] /dev/input/event2: 0000 0000 00000000
[    9742.570380] /dev/input/event2: 0003 0035 00000360
[    9742.570380] /dev/input/event2: 0003 0036 00000656
[    9742.570380] /dev/input/event2: 0000 0000 00000000
[    9742.578779] /dev/input/event2: 0003 0036 0000065a
[    9742.578779] /dev/input/event2: 0003 003a 0000003d
[    9742.578779] /dev/input/event2: 0000 0000 00000000
[    9742.587223] /dev/input/event2: 0003 0036 0000065e
[    9742.587223] /dev/input/event2: 0000 0000 00000000
[    9742.595766] /dev/input/event2: 0003 0035 0000035e
[    9742.595766] /dev/input/event2: 0003 0036 00000661
[    9742.595766] /dev/input/event2: 0000 0000 00000000
[    9742.604128] /dev/input/event2: 0003 0035 0000035b
[    9742.604128] /dev/input/event2: 0003 0036 00000663
[    9742.604128] /dev/input/event2: 0003 003a 0000003c
[    9742.604128] /dev/input/event2: 0000 0000 00000000
[    9742.612524] /dev/input/event2: 0003 0035 00000354
[    9742.612524] /dev/input/event2: 0003 0036 00000665
[    9742.612524] /dev/input/event2: 0000 0000 00000000
[    9742.621067] /dev/input/event2: 0003 0035 0000034a
[    9742.621067] /dev/input/event2: 0003 0036 00000666
[    9742.621067] /dev/input/event2: 0000 0000 00000000
[    9742.629631] /dev/input/event2: 0003 0035 0000033e
[    9742.629631] /dev/input/event2: 0003 0036 00000664
[    9742.629631] /dev/input/event2: 0003 0031 00000003
[    9742.629631] /dev/input/event2: 0003 003a 0000003b
[    9742.629631] /dev/input/event2: 0000 0000 00000000
[    9742.638084] /dev/input/event2: 0003 0035 00000331
[    9742.638084] /dev/input/event2: 0003 0036 0000065f
[    9742.638084] /dev/input/event2: 0000 0000 00000000
[    9742.646387] /dev/input/event2: 0003 0035 00000322
[    9742.646387] /dev/input/event2: 0003 0036 00000657
[    9742.646387] /dev/input/event2: 0003 0031 00000004
[    9742.646387] /dev/input/event2: 0003 003a 0000003a
[    9742.646387] /dev/input/event2: 0000 0000 00000000
[    9742.655135] /dev/input/event2: 0003 0035 00000312
[    9742.655135] /dev/input/event2: 0003 0036 0000064c
[    9742.655135] /dev/input/event2: 0000 0000 00000000
[    9742.663315] /dev/input/event2: 0003 0035 00000305
[    9742.663315] /dev/input/event2: 0003 0036 00000641
[    9742.663315] /dev/input/event2: 0000 0000 00000000
[    9742.672038] /dev/input/event2: 0003 0035 000002fa
[    9742.672038] /dev/input/event2: 0003 0036 00000637
[    9742.672038] /dev/input/event2: 0003 003a 0000003b
[    9742.672038] /dev/input/event2: 0000 0000 00000000
[    9742.680447] /dev/input/event2: 0003 0035 000002f0
[    9742.680447] /dev/input/event2: 0003 0036 0000062b
[    9742.680447] /dev/input/event2: 0003 0031 00000003
[    9742.680447] /dev/input/event2: 0003 003a 0000003a
[    9742.680447] /dev/input/event2: 0000 0000 00000000
[    9742.688917] /dev/input/event2: 0003 0035 000002e7
[    9742.688917] /dev/input/event2: 0003 0036 0000061f
[    9742.688917] /dev/input/event2: 0000 0000 00000000
[    9742.697369] /dev/input/event2: 0003 0035 000002df
[    9742.697369] /dev/input/event2: 0003 0036 00000614
[    9742.697369] /dev/input/event2: 0003 0031 00000004
[    9742.697369] /dev/input/event2: 0000 0000 00000000
[    9742.705804] /dev/input/event2: 0003 0035 000002d8
[    9742.705804] /dev/input/event2: 0003 0036 00000609
[    9742.705804] /dev/input/event2: 0000 0000 00000000
[    9742.714068] /dev/input/event2: 0003 0035 000002d4
[    9742.714068] /dev/input/event2: 0003 0036 00000602
[    9742.714068] /dev/input/event2: 0000 0000 00000000
[    9742.722625] /dev/input/event2: 0003 0035 000002d1
[    9742.722625] /dev/input/event2: 0003 0036 000005fc
[    9742.722625] /dev/input/event2: 0003 003a 0000003b
[    9742.722625] /dev/input/event2: 0000 0000 00000000
[    9742.731062] /dev/input/event2: 0003 0035 000002d0
[    9742.731062] /dev/input/event2: 0003 0036 000005f7
[    9742.731062] /dev/input/event2: 0000 0000 00000000
[    9742.739549] /dev/input/event2: 0003 0035 000002cf
[    9742.739549] /dev/input/event2: 0003 0036 000005f3
[    9742.739549] /dev/input/event2: 0000 0000 00000000
[    9742.748130] /dev/input/event2: 0003 0036 000005f0
[    9742.748130] /dev/input/event2: 0000 0000 00000000
[    9742.756739] /dev/input/event2: 0003 0035 000002d0
[    9742.756739] /dev/input/event2: 0003 0036 000005ee
[    9742.756739] /dev/input/event2: 0000 0000 00000000
[    9742.765078] /dev/input/event2: 0003 0035 000002d2
[    9742.765078] /dev/input/event2: 0003 0036 000005ec
[    9742.765078] /dev/input/event2: 0000 0000 00000000
[    9742.773517] /dev/input/event2: 0003 0035 000002d7
[    9742.773517] /dev/input/event2: 0003 0036 000005ea
[    9742.773517] /dev/input/event2: 0000 0000 00000000
[    9742.781942] /dev/input/event2: 0003 0035 000002de
[    9742.781942] /dev/input/event2: 0003 003a 0000003a
[    9742.781942] /dev/input/event2: 0000 0000 00000000
[    9742.790545] /dev/input/event2: 0003 0035 000002eb
[    9742.790545] /dev/input/event2: 0003 0036 000005ee
[    9742.790545] /dev/input/event2: 0003 003a 0000003b
[    9742.790545] /dev/input/event2: 0000 0000 00000000
[    9742.798948] /dev/input/event2: 0003 0035 000002fc
[    9742.798948] /dev/input/event2: 0003 0036 000005f7
[    9742.798948] /dev/input/event2: 0000 0000 00000000
[    9742.807346] /dev/input/event2: 0003 0035 0000030b
[    9742.807346] /dev/input/event2: 0003 0036 00000602
[    9742.807346] /dev/input/event2: 0003 0031 00000003
[    9742.807346] /dev/input/event2: 0003 003a 0000003c
[    9742.807346] /dev/input/event2: 0000 0000 00000000
[    9742.815817] /dev/input/event2: 0003 0035 00000318
[    9742.815817] /dev/input/event2: 0003 0036 0000060f
[    9742.815817] /dev/input/event2: 0003 0031 00000004
[    9742.815817] /dev/input/event2: 0000 0000 00000000
[    9742.824335] /dev/input/event2: 0003 0035 00000325
[    9742.824335] /dev/input/event2: 0003 0036 0000061e
[    9742.824335] /dev/input/event2: 0000 0000 00000000
[    9742.832794] /dev/input/event2: 0003 0035 00000332
[    9742.832794] /dev/input/event2: 0003 0036 0000062e
[    9742.832794] /dev/input/event2: 0003 003a 0000003d
[    9742.832794] /dev/input/event2: 0000 0000 00000000
[    9742.841124] /dev/input/event2: 0003 0035 0000033f
[    9742.841124] /dev/input/event2: 0003 0036 0000063e
[    9742.841124] /dev/input/event2: 0003 003a 0000003e
[    9742.841124] /dev/input/event2: 0000 0000 00000000
[    9742.849731] /dev/input/event2: 0003 0035 00000349
[    9742.849731] /dev/input/event2: 0003 0036 0000064c
[    9742.849731] /dev/input/event2: 0000 0000 00000000
[    9742.858183] /dev/input/event2: 0003 0035 00000351
[    9742.858183] /dev/input/event2: 0003 0036 00000659
[    9742.858183] /dev/input/event2: 0000 0000 00000000
[    9742.866710] /dev/input/event2: 0003 0035 00000355
[    9742.866710] /dev/input/event2: 0003 0036 00000663
[    9742.866710] /dev/input/event2: 0000 0000 00000000
[    9742.875156] /dev/input/event2: 0003 0035 00000358
[    9742.875156] /dev/input/event2: 0003 0036 0000066b
[    9742.875156] /dev/input/event2: 0000 0000 00000000
[    9742.883586] /dev/input/event2: 0003 0035 0000035a
[    9742.883586] /dev/input/event2: 0003 0036 00000672
[    9742.883586] /dev/input/event2: 0003 003a 0000003d
[    9742.883586] /dev/input/event2: 0000 0000 00000000
[    9742.892023] /dev/input/event2: 0003 0036 00000678
[    9742.892023] /dev/input/event2: 0000 0000 00000000
[    9742.900511] /dev/input/event2: 0003 0035 00000359
[    9742.900511] /dev/input/event2: 0003 0036 0000067b
[    9742.900511] /dev/input/event2: 0000 0000 00000000
[    9742.908876] /dev/input/event2: 0003 0035 00000356
[    9742.908876] /dev/input/event2: 0003 0036 0000067e
[    9742.908876] /dev/input/event2: 0000 0000 00000000
[    9742.917401] /dev/input/event2: 0003 0035 00000352
[    9742.917401] /dev/input/event2: 0003 0036 00000680
[    9742.917401] /dev/input/event2: 0003 003a 0000003c
[    9742.917401] /dev/input/event2: 0000 0000 00000000
[    9742.925986] /dev/input/event2: 0003 0035 00000349
[    9742.925986] /dev/input/event2: 0000 0000 00000000
[    9742.934422] /dev/input/event2: 0003 0035 0000033e
[    9742.934422] /dev/input/event2: 0003 0036 0000067e
[    9742.934422] /dev/input/event2: 0000 0000 00000000
[    9742.942831] /dev/input/event2: 0003 0035 00000333
[    9742.942831] /dev/input/event2: 0003 0036 00000679
[    9742.942831] /dev/input/event2: 0003 003a 0000003b
[    9742.942831] /dev/input/event2: 0000 0000 00000000
[    9742.951397] /dev/input/event2: 0003 0035 00000326
[    9742.951397] /dev/input/event2: 0003 0036 00000671
[    9742.951397] /dev/input/event2: 0003 003a 0000003a
[    9742.951397] /dev/input/event2: 0000 0000 00000000
[    9742.959708] /dev/input/event2: 0003 0035 00000318
[    9742.959708] /dev/input/event2: 0003 0036 00000666
[    9742.959708] /dev/input/event2: 0003 0031 00000003
[    9742.959708] /dev/input/event2: 0003 003a 0000003b
[    9742.959708] /dev/input/event2: 0000 0000 00000000
[    9742.968292] /dev/input/event2: 0003 0035 0000030b
[    9742.968292] /dev/input/event2: 0003 0036 00000659
[    9742.968292] /dev/input/event2: 0003 0031 00000004
[    9742.968292] /dev/input/event2: 0003 003a 0000003a
[    9742.968292] /dev/input/event2: 0000 0000 00000000
[    9742.976738] /dev/input/event2: 0003 0035 000002fe
[    9742.976738] /dev/input/event2: 0003 0036 0000064c
[    9742.976738] /dev/input/event2: 0003 003a 0000003b
[    9742.976738] /dev/input/event2: 0000 0000 00000000
[    9742.985213] /dev/input/event2: 0003 0035 000002f3
[    9742.985213] /dev/input/event2: 0003 0036 0000063f
[    9742.985213] /dev/input/event2: 0000 0000 00000000
[    9742.993759] /dev/input/event2: 0003 0035 000002ea
[    9742.993759] /dev/input/event2: 0003 0036 00000632
[    9742.993759] /dev/input/event2: 0003 003a 0000003a
[    9742.993759] /dev/input/event2: 0000 0000 00000000
[    9743.002135] /dev/input/event2: 0003 0035 000002e2
[    9743.002135] /dev/input/event2: 0003 0036 00000625
[    9743.002135] /dev/input/event2: 0003 0031 00000003
[    9743.002135] /dev/input/event2: 0000 0000 00000000
[    9743.010503] /dev/input/event2: 0003 0035 000002db
[    9743.010503] /dev/input/event2: 0003 0036 0000061a
[    9743.010503] /dev/input/event2: 0000 0000 00000000
[    9743.019061] /dev/input/event2: 0003 0035 000002d6
[    9743.019061] /dev/input/event2: 0003 0036 0000060f
[    9743.019061] /dev/input/event2: 0003 0031 00000004
[    9743.019061] /dev/input/event2: 0000 0000 00000000
[    9743.027477] /dev/input/event2: 0003 0035 000002d2
[    9743.027477] /dev/input/event2: 0003 0036 00000607
[    9743.027477] /dev/input/event2: 0000 0000 00000000
[    9743.035954] /dev/input/event2: 0003 0035 000002d0
[    9743.035954] /dev/input/event2: 0003 0036 00000600
[    9743.035954] /dev/input/event2: 0003 003a 0000003b
[    9743.035954] /dev/input/event2: 0000 0000 00000000
[    9743.044358] /dev/input/event2: 0003 0035 000002cf
[    9743.044358] /dev/input/event2: 0003 0036 000005fb
[    9743.044358] /dev/input/event2: 0000 0000 00000000
[    9743.052834] /dev/input/event2: 0003 0036 000005f7
[    9743.052834] /dev/input/event2: 0003 003a 0000003a
[    9743.052834] /dev/input/event2: 0000 0000 00000000
[    9743.061262] /dev/input/event2: 0003 0035 000002d0
[    9743.061262] /dev/input/event2: 0003 0036 000005f5
[    9743.061262] /dev/input/event2: 0000 0000 00000000
[    9743.069878] /dev/input/event2: 0003 0035 000002d3
[    9743.069878] /dev/input/event2: 0003 0036 000005f2
[    9743.069878] /dev/input/event2: 0003 003a 0000003b
[    9743.069878] /dev/input/event2: 0000 0000 00000000
[    9743.078156] /dev/input/event2: 0003 0035 000002d9
[    9743.078156] /dev/input/event2: 0003 0036 000005f0
[    9743.078156] /dev/input/event2: 0000 0000 00000000
[    9743.086805] /dev/input/event2: 0003 0035 000002e3
[    9743.086805] /dev/input/event2: 0003 0036 000005f1
[    9743.086805] /dev/input/event2: 0003 003a 0000003a
[    9743.086805] /dev/input/event2: 0000 0000 00000000
[    9743.095167] /dev/input/event2: 0003 0035 000002f3
[    9743.095167] /dev/input/event2: 0003 0036 000005f7
[    9743.095167] /dev/input/event2: 0000 0000 00000000
[    9743.103873] /dev/input/event2: 0003 0035 00000304
[    9743.103873] /dev/input/event2: 0003 0036 00000602
[    9743.103873] /dev/input/event2: 0003 0031 00000003
[    9743.103873] /dev/input/event2: 0003 003a 0000003b
[    9743.103873] /dev/input/event2: 0000 0000 00000000
[    9743.112206] /dev/input/event2: 0003 0035 00000313
[    9743.112206] /dev/input/event2: 0003 0036 0000060d
[    9743.112206] /dev/input/event2: 0003 0031 00000004
[    9743.112206] /dev/input/event2: 0003 003a 0000003c
[    9743.112206] /dev/input/event2: 0000 0000 00000000
[    9743.120723] /dev/input/event2: 0003 0035 0000031e
[    9743.120723] /dev/input/event2: 0003 0036 00000617
[    9743.120723] /dev/input/event2: 0000 0000 00000000
[    9743.129154] /dev/input/event2: 0003 0035 0000032a
[    9743.129154] /dev/input/event2: 0003 0036 00000622
[    9743.129154] /dev/input/event2: 0000 0000 00000000
[    9743.137645] /dev/input/event2: 0003 0035 00000334
[    9743.137645] /dev/input/event2: 0003 0036 0000062e
[    9743.137645] /dev/input/event2: 0003 003a 0000003d
[    9743.137645] /dev/input/event2: 0000 0000 00000000
[    9743.145932] /dev/input/event2: 0003 0035 00000340
[    9743.145932] /dev/input/event2: 0003 0036 0000063d
[    9743.145932] /dev/input/event2: 0003 003a 0000003e
[    9743.145932] /dev/input/event2: 0000 0000 00000000
[    9743.154600] /dev/input/event2: 0003 0035 00000349
[    9743.154600] /dev/input/event2: 0003 0036 0000064a
[    9743.154600] /dev/input/event2: 0000 0000 00000000
[    9743.163051] /dev/input/event2: 0003 0035 0000034f
[    9743.163051] /dev/input/event2: 0003 0036 00000654
[    9743.163051] /dev/input/event2: 0003 003a 0000003d
[    9743.163051] /dev/input/event2: 0000 0000 00000000
[    9743.171350] /dev/input/event2: 0003 0035 00000353
[    9743.171350] /dev/input/event2: 0003 0036 0000065d
[    9743.171350] /dev/input/event2: 0000 0000 00000000
[    9743.180210] /dev/input/event2: 0003 0035 00000354
[    9743.180210] /dev/input/event2: 0003 0036 00000663
[    9743.180210] /dev/input/event2: 0000 0000 00000000
[    9743.188308] /dev/input/event2: 0003 0036 00000668
[    9743.188308] /dev/input/event2: 0000 0000 00000000
[    9743.196751] /dev/input/event2: 0003 0035 00000352
[    9743.196751] /dev/input/event2: 0003 0036 0000066d
[    9743.196751] /dev/input/event2: 0003 003a 0000003c
[    9743.196751] /dev/input/event2: 0000 0000 00000000
[    9743.205311] /dev/input/event2: 0003 0035 0000034f
[    9743.205311] /dev/input/event2: 0003 0036 00000670
[    9743.205311] /dev/input/event2: 0000 0000 00000000
[    9743.213721] /dev/input/event2: 0003 0035 00000348
[    9743.213721] /dev/input/event2: 0003 0036 00000672
[    9743.213721] /dev/input/event2: 0003 003a 0000003b
[    9743.213721] /dev/input/event2: 0000 0000 00000000
[    9743.222286] /dev/input/event2: 0003 0035 0000033d
[    9743.222286] /dev/input/event2: 0000 0000 00000000
[    9743.230776] /dev/input/event2: 0003 0035 0000032d
[    9743.230776] /dev/input/event2: 0003 0036 0000066d
[    9743.230776] /dev/input/event2: 0003 003a 0000003a
[    9743.230776] /dev/input/event2: 0000 0000 00000000
[    9743.239099] /dev/input/event2: 0003 0035 0000031a
[    9743.239099] /dev/input/event2: 0003 0036 00000663
[    9743.239099] /dev/input/event2: 0003 0031 00000003
[    9743.239099] /dev/input/event2: 0003 003a 00000039
[    9743.239099] /dev/input/event2: 0000 0000 00000000
[    9743.247556] /dev/input/event2: 0003 0035 00000306
[    9743.247556] /dev/input/event2: 0003 0036 00000654
[    9743.247556] /dev/input/event2: 0003 0031 00000004
[    9743.247556] /dev/input/event2: 0000 0000 00000000
[    9743.256016] /dev/input/event2: 0003 0035 000002f5
[    9743.256016] /dev/input/event2: 0003 0036 00000643
[    9743.256016] /dev/input/event2: 0003 003a 00000038
[    9743.256016] /dev/input/event2: 0000 0000 00000000
[    9743.264618] /dev/input/event2: 0003 0035 000002e3
[    9743.264618] /dev/input/event2: 0003 0036 0000062f
[    9743.264618] /dev/input/event2: 0003 0031 00000003
[    9743.264618] /dev/input/event2: 0003 003a 00000039
[    9743.264618] /dev/input/event2: 0000 0000 00000000
[    9743.273139] /dev/input/event2: 0003 0035 000002d2
[    9743.273139] /dev/input/event2: 0003 0036 0000061c
[    9743.273139] /dev/input/event2: 0000 0000 00000000
[    9743.281567] /dev/input/event2: 0003 0035 000002c1
[    9743.281567] /dev/input/event2: 0003 0036 00000606
[    9743.281567] /dev/input/event2: 0003 0031 00000004
[    9743.281567] /dev/input/event2: 0000 0000 00000000
[    9743.289999] /dev/input/event2: 0003 0035 000002b5
[    9743.289999] /dev/input/event2: 0003 0036 000005f4
[    9743.289999] /dev/input/event2: 0003 003a 0000003a
[    9743.289999] /dev/input/event2: 0000 0000 00000000
[    9743.298461] /dev/input/event2: 0003 0035 000002ab
[    9743.298461] /dev/input/event2: 0003 0036 000005e1
[    9743.298461] /dev/input/event2: 0003 0031 00000003
[    9743.298461] /dev/input/event2: 0000 0000 00000000
[    9743.306851] /dev/input/event2: 0003 0035 000002a3
[    9743.306851] /dev/input/event2: 0003 0036 000005d1
[    9743.306851] /dev/input/event2: 0003 0031 00000004
[    9743.306851] /dev/input/event2: 0003 003a 00000039
[    9743.306851] /dev/input/event2: 0000 0000 00000000
[    9743.315409] /dev/input/event2: 0003 0035 0000029e
[    9743.315409] /dev/input/event2: 0003 0036 000005c4
[    9743.315409] /dev/input/event2: 0003 003a 0000003a
[    9743.315409] /dev/input/event2: 0000 0000 00000000
[    9743.323940] /dev/input/event2: 0003 0035 0000029b
[    9743.323940] /dev/input/event2: 0003 0036 000005bc
[    9743.323940] /dev/input/event2: 0000 0000 00000000
[    9743.332207] /dev/input/event2: 0003 0035 0000029a
[    9743.332207] /dev/input/event2: 0003 0036 000005b6
[    9743.332207] /dev/input/event2: 0000 0000 00000000
[    9743.340706] /dev/input/event2: 0003 0036 000005b2
[    9743.340706] /dev/input/event2: 0000 0000 00000000
[    9743.349194] /dev/input/event2: 0003 0035 0000029b
[    9743.349194] /dev/input/event2: 0003 0036 000005af
[    9743.349194] /dev/input/event2: 0000 0000 00000000
[    9743.357649] /dev/input/event2: 0003 0035 0000029e
[    9743.357649] /dev/input/event2: 0003 0036 000005ad
[    9743.357649] /dev/input/event2: 0003 003a 00000039
[    9743.357649] /dev/input/event2: 0000 0000 00000000
[    9743.366209] /dev/input/event2: 0003 0035 000002a7
[    9743.366209] /dev/input/event2: 0003 0036 000005ac
[    9743.366209] /dev/input/event2: 0000 0000 00000000
[    9743.374686] /dev/input/event2: 0003 0035 000002b8
[    9743.374686] /dev/input/event2: 0003 0036 000005b0
[    9743.374686] /dev/input/event2: 0003 003a 0000003a
[    9743.374686] /dev/input/event2: 0000 0000 00000000
[    9743.383212] /dev/input/event2: 0003 0035 000002cc
[    9743.383212] /dev/input/event2: 0003 0036 000005ba
[    9743.383212] /dev/input/event2: 0000 0000 00000000
[    9743.391621] /dev/input/event2: 0003 0035 000002e0
[    9743.391621] /dev/input/event2: 0003 0036 000005c8
[    9743.391621] /dev/input/event2: 0003 003a 0000003b
[    9743.391621] /dev/input/event2: 0000 0000 00000000
[    9743.399307] /dev/input/event2: 0003 0035 000002f8
[    9743.399307] /dev/input/event2: 0003 0036 000005d9
[    9743.399307] /dev/input/event2: 0003 003a 00000036
[    9743.399307] /dev/input/event2: 0000 0000 00000000
[    9743.407714] /dev/input/event2: 0003 0035 0000030d
[    9743.407714] /dev/input/event2: 0003 0036 000005ea
[    9743.407714] /dev/input/event2: 0000 0000 00000000
[    9743.416282] /dev/input/event2: 0003 0035 0000031f
[    9743.416282] /dev/input/event2: 0003 0036 000005fc
[    9743.416282] /dev/input/event2: 0003 0031 00000003
[    9743.416282] /dev/input/event2: 0003 003a 00000037
[    9743.416282] /dev/input/event2: 0000 0000 00000000
[    9743.424704] /dev/input/event2: 0003 0035 00000334
[    9743.424704] /dev/input/event2: 0003 0036 00000611
[    9743.424704] /dev/input/event2: 0003 0031 00000004
[    9743.424704] /dev/input/event2: 0000 0000 00000000
[    9743.433229] /dev/input/event2: 0003 0035 00000347
[    9743.433229] /dev/input/event2: 0003 0036 00000624
[    9743.433229] /dev/input/event2: 0000 0000 00000000
[    9743.442450] /dev/input/event2: 0003 0035 00000359
[    9743.442450] /dev/input/event2: 0003 0036 0000063c
[    9743.442450] /dev/input/event2: 0003 003a 0000003f
[    9743.442450] /dev/input/event2: 0000 0000 00000000
[    9743.450924] /dev/input/event2: 0003 0035 00000366
[    9743.450924] /dev/input/event2: 0003 0036 00000651
[    9743.450924] /dev/input/event2: 0003 003a 0000003e
[    9743.450924] /dev/input/event2: 0000 0000 00000000
[    9743.459398] /dev/input/event2: 0003 0035 00000370
[    9743.459398] /dev/input/event2: 0003 0036 00000662
[    9743.459398] /dev/input/event2: 0000 0000 00000000
[    9743.467099] /dev/input/event2: 0003 0035 00000378
[    9743.467099] /dev/input/event2: 0003 0036 00000674
[    9743.467099] /dev/input/event2: 0003 003a 00000038
[    9743.467099] /dev/input/event2: 0000 0000 00000000
[    9743.475669] /dev/input/event2: 0003 0035 0000037e
[    9743.475669] /dev/input/event2: 0003 0036 00000684
[    9743.475669] /dev/input/event2: 0003 0031 00000003
[    9743.475669] /dev/input/event2: 0003 003a 00000037
[    9743.475669] /dev/input/event2: 0000 0000 00000000
[    9743.484694] /dev/input/event2: 0003 0035 00000381
[    9743.484694] /dev/input/event2: 0003 0036 00000690
[    9743.484694] /dev/input/event2: 0003 0031 00000004
[    9743.484694] /dev/input/event2: 0003 003a 0000003e
[    9743.484694] /dev/input/event2: 0000 0000 00000000
[    9743.493294] /dev/input/event2: 0003 0035 00000382
[    9743.493294] /dev/input/event2: 0003 0036 00000698
[    9743.493294] /dev/input/event2: 0003 003a 0000003d
[    9743.493294] /dev/input/event2: 0000 0000 00000000
[    9743.501643] /dev/input/event2: 0003 0035 00000383
[    9743.501643] /dev/input/event2: 0003 0036 0000069e
[    9743.501643] /dev/input/event2: 0003 003a 0000003c
[    9743.501643] /dev/input/event2: 0000 0000 00000000
[    9743.510027] /dev/input/event2: 0003 0036 000006a2
[    9743.510027] /dev/input/event2: 0000 0000 00000000
[    9743.518720] /dev/input/event2: 0003 0035 00000382
[    9743.518720] /dev/input/event2: 0003 0036 000006a4
[    9743.518720] /dev/input/event2: 0000 0000 00000000
[    9743.527261] /dev/input/event2: 0003 0035 0000037f
[    9743.527261] /dev/input/event2: 0003 003a 0000003d
[    9743.527261] /dev/input/event2: 0000 0000 00000000
[    9743.535642] /dev/input/event2: 0003 0035 00000379
[    9743.535642] /dev/input/event2: 0003 0036 000006a3
[    9743.535642] /dev/input/event2: 0003 0031 00000003
[    9743.535642] /dev/input/event2: 0003 003a 0000003c
[    9743.535642] /dev/input/event2: 0000 0000 00000000
[    9743.544049] /dev/input/event2: 0003 0035 0000036f
[    9743.544049] /dev/input/event2: 0003 0036 0000069c
[    9743.544049] /dev/input/event2: 0003 0031 00000004
[    9743.544049] /dev/input/event2: 0000 0000 00000000
[    9743.552439] /dev/input/event2: 0003 0035 00000360
[    9743.552439] /dev/input/event2: 0003 0036 00000690
[    9743.552439] /dev/input/event2: 0003 003a 0000003b
[    9743.552439] /dev/input/event2: 0000 0000 00000000
[    9743.560998] /dev/input/event2: 0003 0035 00000350
[    9743.560998] /dev/input/event2: 0003 0036 00000682
[    9743.560998] /dev/input/event2: 0000 0000 00000000
[    9743.569437] /dev/input/event2: 0003 0035 00000340
[    9743.569437] /dev/input/event2: 0003 0036 00000670
[    9743.569437] /dev/input/event2: 0003 0031 00000003
[    9743.569437] /dev/input/event2: 0003 003a 0000003d
[    9743.569437] /dev/input/event2: 0000 0000 00000000
[    9743.577935] /dev/input/event2: 0003 0035 00000332
[    9743.577935] /dev/input/event2: 0003 0036 0000065b
[    9743.577935] /dev/input/event2: 0003 0031 00000004
[    9743.577935] /dev/input/event2: 0003 003a 0000003c
[    9743.577935] /dev/input/event2: 0000 0000 00000000
[    9743.586422] /dev/input/event2: 0003 0035 00000325
[    9743.586422] /dev/input/event2: 0003 0036 00000648
[    9743.586422] /dev/input/event2: 0003 003a 0000003b
[    9743.586422] /dev/input/event2: 0000 0000 00000000
[    9743.594769] /dev/input/event2: 0003 0035 00000319
[    9743.594769] /dev/input/event2: 0003 0036 00000637
[    9743.594769] /dev/input/event2: 0003 003a 0000003c
[    9743.594769] /dev/input/event2: 0000 0000 00000000
[    9743.603331] /dev/input/event2: 0003 0035 0000030e
[    9743.603331] /dev/input/event2: 0003 0036 00000628
[    9743.603331] /dev/input/event2: 0003 0031 00000003
[    9743.603331] /dev/input/event2: 0000 0000 00000000
[    9743.611830] /dev/input/event2: 0003 0035 00000305
[    9743.611830] /dev/input/event2: 0003 0036 0000061a
[    9743.611830] /dev/input/event2: 0003 0031 00000004
[    9743.611830] /dev/input/event2: 0000 0000 00000000
[    9743.620250] /dev/input/event2: 0003 0035 000002fe
[    9743.620250] /dev/input/event2: 0003 0036 0000060e
[    9743.620250] /dev/input/event2: 0000 0000 00000000
[    9743.628776] /dev/input/event2: 0003 0035 000002fa
[    9743.628776] /dev/input/event2: 0003 0036 00000606
[    9743.628776] /dev/input/event2: 0000 0000 00000000
[    9743.637281] /dev/input/event2: 0003 0035 000002f8
[    9743.637281] /dev/input/event2: 0003 0036 00000601
[    9743.637281] /dev/input/event2: 0000 0000 00000000
[    9743.645542] /dev/input/event2: 0003 0035 000002f7
[    9743.645542] /dev/input/event2: 0003 0036 000005fe
[    9743.645542] /dev/input/event2: 0000 0000 00000000
[    9743.654075] /dev/input/event2: 0003 0036 000005fc
[    9743.654075] /dev/input/event2: 0000 0000 00000000
[    9743.662672] /dev/input/event2: 0003 0035 000002f8
[    9743.662672] /dev/input/event2: 0003 0036 000005fb
[    9743.662672] /dev/input/event2: 0003 003a 0000003b
[    9743.662672] /dev/input/event2: 0000 0000 00000000
[    9743.671107] /dev/input/event2: 0003 0035 000002ff
[    9743.671107] /dev/input/event2: 0003 003a 0000003a
[    9743.671107] /dev/input/event2: 0000 0000 00000000
[    9743.679517] /dev/input/event2: 0003 0035 0000030f
[    9743.679517] /dev/input/event2: 0003 0036 00000602
[    9743.679517] /dev/input/event2: 0003 0031 00000003
[    9743.679517] /dev/input/event2: 0000 0000 00000000
[    9743.688075] /dev/input/event2: 0003 0035 00000323
[    9743.688075] /dev/input/event2: 0003 0036 0000060e
[    9743.688075] /dev/input/event2: 0003 0031 00000004
[    9743.688075] /dev/input/event2: 0003 003a 0000003b
[    9743.688075] /dev/input/event2: 0000 0000 00000000
[    9743.695752] /dev/input/event2: 0003 0035 00000341
[    9743.695752] /dev/input/event2: 0003 0036 00000623
[    9743.695752] /dev/input/event2: 0003 003a 00000036
[    9743.695752] /dev/input/event2: 0000 0000 00000000
[    9743.704152] /dev/input/event2: 0003 0035 00000355
[    9743.704152] /dev/input/event2: 0003 0036 00000634
[    9743.704152] /dev/input/event2: 0000 0000 00000000
[    9743.712735] /dev/input/event2: 0003 0035 00000367
[    9743.712735] /dev/input/event2: 0003 0036 00000647
[    9743.712735] /dev/input/event2: 0003 003a 00000037
[    9743.712735] /dev/input/event2: 0000 0000 00000000
[    9743.721806] /dev/input/event2: 0003 0035 0000037b
[    9743.721806] /dev/input/event2: 0003 0036 0000065a
[    9743.721806] /dev/input/event2: 0003 003a 0000003e
[    9743.721806] /dev/input/event2: 0000 0000 00000000
[    9743.733272] /dev/input/event2: 0003 0035 0000038a
[    9743.733272] /dev/input/event2: 0003 0036 00000669
[    9743.733272] /dev/input/event2: 0003 003a 0000003f
[    9743.733272] /dev/input/event2: 0000 0000 00000000
[    9743.738832] /dev/input/event2: 0003 0035 00000396
[    9743.738832] /dev/input/event2: 0003 0036 00000679
[    9743.738832] /dev/input/event2: 0000 0000 00000000
[    9743.747769] /dev/input/event2: 0003 0035 0000039e
[    9743.747769] /dev/input/event2: 0003 0036 00000687
[    9743.747769] /dev/input/event2: 0003 003a 00000040
[    9743.747769] /dev/input/event2: 0000 0000 00000000
[    9743.756081] /dev/input/event2: 0003 0035 000003a3
[    9743.756081] /dev/input/event2: 0003 0036 00000696
[    9743.756081] /dev/input/event2: 0003 003a 0000003f
[    9743.756081] /dev/input/event2: 0000 0000 00000000
[    9743.764218] /dev/input/event2: 0003 0035 000003a4
[    9743.764218] /dev/input/event2: 0003 0036 0000069f
[    9743.764218] /dev/input/event2: 0000 0000 00000000
[    9743.772692] /dev/input/event2: 0003 0035 000003a3
[    9743.772692] /dev/input/event2: 0003 0036 000006a6
[    9743.772692] /dev/input/event2: 0000 0000 00000000
[    9743.781219] /dev/input/event2: 0003 0035 0000039f
[    9743.781219] /dev/input/event2: 0003 0036 000006ab
[    9743.781219] /dev/input/event2: 0003 003a 0000003e
[    9743.781219] /dev/input/event2: 0000 0000 00000000
[    9743.789680] /dev/input/event2: 0003 0035 00000397
[    9743.789680] /dev/input/event2: 0003 0036 000006b0
[    9743.789680] /dev/input/event2: 0000 0000 00000000
[    9743.798104] /dev/input/event2: 0003 0035 00000386
[    9743.798104] /dev/input/event2: 0003 0036 000006b5
[    9743.798104] /dev/input/event2: 0000 0000 00000000
[    9743.806600] /dev/input/event2: 0003 0035 0000036f
[    9743.806600] /dev/input/event2: 0003 003a 0000003c
[    9743.806600] /dev/input/event2: 0000 0000 00000000
[    9743.814351] /dev/input/event2: 0003 0035 00000350
[    9743.814351] /dev/input/event2: 0003 0036 000006ad
[    9743.814351] /dev/input/event2: 0003 0031 00000003
[    9743.814351] /dev/input/event2: 0003 003a 00000036
[    9743.814351] /dev/input/event2: 0000 0000 00000000
[    9743.822751] /dev/input/event2: 0003 0035 00000338
[    9743.822751] /dev/input/event2: 0003 0036 000006a1
[    9743.822751] /dev/input/event2: 0003 003a 00000035
[    9743.822751] /dev/input/event2: 0000 0000 00000000
[    9743.831190] /dev/input/event2: 0003 0035 00000315
[    9743.831190] /dev/input/event2: 0003 0036 0000068c
[    9743.831190] /dev/input/event2: 0003 0031 00000004
[    9743.831190] /dev/input/event2: 0000 0000 00000000
[    9743.839636] /dev/input/event2: 0003 0035 000002f7
[    9743.839636] /dev/input/event2: 0003 0036 00000674
[    9743.839636] /dev/input/event2: 0003 0031 00000003
[    9743.839636] /dev/input/event2: 0003 003a 00000034
[    9743.839636] /dev/input/event2: 0000 0000 00000000
[    9743.848090] /dev/input/event2: 0003 0035 000002d3
[    9743.848090] /dev/input/event2: 0003 0036 00000652
[    9743.848090] /dev/input/event2: 0003 0031 00000004
[    9743.848090] /dev/input/event2: 0000 0000 00000000
[    9743.856609] /dev/input/event2: 0003 0035 000002b1
[    9743.856609] /dev/input/event2: 0003 0036 0000062f
[    9743.856609] /dev/input/event2: 0003 0031 00000003
[    9743.856609] /dev/input/event2: 0000 0000 00000000
[    9743.865131] /dev/input/event2: 0003 0035 00000287
[    9743.865131] /dev/input/event2: 0003 0036 00000603
[    9743.865131] /dev/input/event2: 0003 0031 00000004
[    9743.865131] /dev/input/event2: 0000 0000 00000000
[    9743.873483] /dev/input/event2: 0003 0035 00000266
[    9743.873483] /dev/input/event2: 0003 0036 000005dc
[    9743.873483] /dev/input/event2: 0003 0031 00000003
[    9743.873483] /dev/input/event2: 0000 0000 00000000
[    9743.881934] /dev/input/event2: 0003 0035 0000023f
[    9743.881934] /dev/input/event2: 0003 0036 000005b4
[    9743.881934] /dev/input/event2: 0003 0031 00000004
[    9743.881934] /dev/input/event2: 0000 0000 00000000
[    9743.890404] /dev/input/event2: 0003 0035 00000217
[    9743.890404] /dev/input/event2: 0003 0036 0000057a
[    9743.890404] /dev/input/event2: 0000 0000 00000000
[    9743.898890] /dev/input/event2: 0003 0035 000001f7
[    9743.898890] /dev/input/event2: 0003 0036 00000556
[    9743.898890] /dev/input/event2: 0003 0031 00000003
[    9743.898890] /dev/input/event2: 0000 0000 00000000
[    9743.907419] /dev/input/event2: 0003 0035 000001ca
[    9743.907419] /dev/input/event2: 0003 0036 0000051f
[    9743.907419] /dev/input/event2: 0003 0031 00000004
[    9743.907419] /dev/input/event2: 0000 0000 00000000
[    9743.915806] /dev/input/event2: 0003 0035 0000019e
[    9743.915806] /dev/input/event2: 0003 0036 000004ed
[    9743.915806] /dev/input/event2: 0000 0000 00000000
[    9743.924329] /dev/input/event2: 0003 0035 0000016f
[    9743.924329] /dev/input/event2: 0003 0036 000004be
[    9743.924329] /dev/input/event2: 0000 0000 00000000
[    9743.932911] /dev/input/event2: 0003 0035 0000013e
[    9743.932911] /dev/input/event2: 0003 0036 0000048c
[    9743.932911] /dev/input/event2: 0003 003a 00000033
[    9743.932911] /dev/input/event2: 0000 0000 00000000
[    9743.941265] /dev/input/event2: 0003 0035 0000010c
[    9743.941265] /dev/input/event2: 0003 0036 00000452
[    9743.941265] /dev/input/event2: 0003 003a 00000032
[    9743.941265] /dev/input/event2: 0000 0000 00000000
[    9743.949722] /dev/input/event2: 0003 0035 000000e1
[    9743.949722] /dev/input/event2: 0003 0036 00000426
[    9743.949722] /dev/input/event2: 0003 003a 00000030
[    9743.949722] /dev/input/event2: 0000 0000 00000000
[    9743.958178] /dev/input/event2: 0003 0035 000000ac
[    9743.958178] /dev/input/event2: 0003 0036 000003f9
[    9743.958178] /dev/input/event2: 0003 0031 00000003
[    9743.958178] /dev/input/event2: 0003 003a 00000024
[    9743.958178] /dev/input/event2: 0000 0000 00000000
[    9743.966449] /dev/input/event2: 0003 0039 ffffffff
[    9743.966449] /dev/input/event2: 0000 0000 00000000
