[    5603.362885] /dev/input/event2: 0003 0039 000007ca
[    5603.362885] /dev/input/event2: 0003 0035 000001dc
[    5603.362885] /dev/input/event2: 0003 0036 00000607
[    5603.362885] /dev/input/event2: 0003 0031 00000003
[    5603.362885] /dev/input/event2: 0003 003a 0000003b
[    5603.362885] /dev/input/event2: 0000 0000 00000000
[    5603.379900] /dev/input/event2: 0003 0031 00000004
[    5603.379900] /dev/input/event2: 0000 0000 00000000
[    5603.396931] /dev/input/event2: 0003 003a 0000003a
[    5603.396931] /dev/input/event2: 0000 0000 00000000
[    5603.405457] /dev/input/event2: 0003 003a 0000003b
[    5603.405457] /dev/input/event2: 0000 0000 00000000
[    5603.448130] /dev/input/event2: 0003 0036 00000606
[    5603.448130] /dev/input/event2: 0000 0000 00000000
[    5603.456512] /dev/input/event2: 0003 0036 00000604
[    5603.456512] /dev/input/event2: 0000 0000 00000000
[    5603.465180] /dev/input/event2: 0003 0036 00000600
[    5603.465180] /dev/input/event2: 0000 0000 00000000
[    5603.473769] /dev/input/event2: 0003 0036 000005f9
[    5603.473769] /dev/input/event2: 0003 0031 00000003
[    5603.473769] /dev/input/event2: 0000 0000 00000000
[    5603.482179] /dev/input/event2: 0003 0036 000005ee
[    5603.482179] /dev/input/event2: 0003 0031 00000004
[    5603.482179] /dev/input/event2: 0003 003a 0000003a
[    5603.482179] /dev/input/event2: 0000 0000 00000000
[    5603.490646] /dev/input/event2: 0003 0036 000005e1
[    5603.490646] /dev/input/event2: 0000 0000 00000000
[    5603.499316] /dev/input/event2: 0003 0035 000001dd
[    5603.499316] /dev/input/event2: 0003 0036 000005d1
[    5603.499316] /dev/input/event2: 0003 0031 00000003
[    5603.499316] /dev/input/event2: 0000 0000 00000000
[    5603.507822] /dev/input/event2: 0003 0035 000001df
[    5603.507822] /dev/input/event2: 0003 0036 000005bf
[    5603.507822] /dev/input/event2: 0003 0031 00000004
[    5603.507822] /dev/input/event2: 0003 003a 0000003b
[    5603.507822] /dev/input/event2: 0000 0000 00000000
[    5603.516271] /dev/input/event2: 0003 0035 000001e3
[    5603.516271] /dev/input/event2: 0003 0036 000005ad
[    5603.516271] /dev/input/event2: 0003 003a 0000003a
[    5603.516271] /dev/input/event2: 0000 0000 00000000
[    5603.524843] /dev/input/event2: 0003 0035 000001e8
[    5603.524843] /dev/input/event2: 0003 0036 0000059d
[    5603.524843] /dev/input/event2: 0003 003a 0000003b
[    5603.524843] /dev/input/event2: 0000 0000 00000000
[    5603.533413] /dev/input/event2: 0003 0035 000001ef
[    5603.533413] /dev/input/event2: 0003 0036 0000058e
[    5603.533413] /dev/input/event2: 0000 0000 00000000
[    5603.542019] /dev/input/event2: 0003 0035 000001f7
[    5603.542019] /dev/input/event2: 0003 0036 0000057f
[    5603.542019] /dev/input/event2: 0003 0031 00000003
[    5603.542019] /dev/input/event2: 0000 0000 00000000
[    5603.550478] /dev/input/event2: 0003 0035 000001ff
[    5603.550478] /dev/input/event2: 0003 0036 00000572
[    5603.550478] /dev/input/event2: 0003 0031 00000004
[    5603.550478] /dev/input/event2: 0000 0000 00000000
[    5603.558850] /dev/input/event2: 0003 0035 00000209
[    5603.558850] /dev/input/event2: 0003 0036 00000567
[    5603.558850] /dev/input/event2: 0000 0000 00000000
[    5603.567507] /dev/input/event2: 0003 0035 00000216
[    5603.567507] /dev/input/event2: 0003 0036 0000055b
[    5603.567507] /dev/input/event2: 0003 003a 0000003c
[    5603.567507] /dev/input/event2: 0000 0000 00000000
[    5603.576154] /dev/input/event2: 0003 0035 00000224
[    5603.576154] /dev/input/event2: 0003 0036 00000550
[    5603.576154] /dev/input/event2: 0000 0000 00000000
[    5603.584500] /dev/input/event2: 0003 0035 00000236
[    5603.584500] /dev/input/event2: 0003 0036 00000545
[    5603.584500] /dev/input/event2: 0000 0000 00000000
[    5603.592314] /dev/input/event2: 0003 0035 0000024c
[    5603.592314] /dev/input/event2: 0003 0036 0000053c
[    5603.592314] /dev/input/event2: 0003 003a 00000036
[    5603.592314] /dev/input/event2: 0000 0000 00000000
[    5603.600830] /dev/input/event2: 0003 0035 00000263
[    5603.600830] /dev/input/event2: 0003 0036 00000536
[    5603.600830] /dev/input/event2: 0000 0000 00000000
[    5603.609396] /dev/input/event2: 0003 0035 0000027d
[    5603.609396] /dev/input/event2: 0003 0036 00000533
[    5603.609396] /dev/input/event2: 0003 003a 00000037
[    5603.609396] /dev/input/event2: 0000 0000 00000000
[    5603.617937] /dev/input/event2: 0003 0035 00000296
[    5603.617937] /dev/input/event2: 0003 0036 00000535
[    5603.617937] /dev/input/event2: 0000 0000 00000000
[    5603.626473] /dev/input/event2: 0003 0035 000002b0
[    5603.626473] /dev/input/event2: 0003 0036 0000053d
[    5603.626473] /dev/input/event2: 0000 0000 00000000
[    5603.634980] /dev/input/event2: 0003 0035 000002ce
[    5603.634980] /dev/input/event2: 0003 0036 0000054c
[    5603.634980] /dev/input/event2: 0003 003a 00000038
[    5603.634980] /dev/input/event2: 0000 0000 00000000
[    5603.643511] /dev/input/event2: 0003 0035 000002e8
[    5603.643511] /dev/input/event2: 0003 0036 00000560
[    5603.643511] /dev/input/event2: 0000 0000 00000000
[    5603.652110] /dev/input/event2: 0003 0035 00000304
[    5603.652110] /dev/input/event2: 0003 0036 0000057c
[    5603.652110] /dev/input/event2: 0000 0000 00000000
[    5603.660554] /dev/input/event2: 0003 0035 00000323
[    5603.660554] /dev/input/event2: 0003 0036 000005a4
[    5603.660554] /dev/input/event2: 0000 0000 00000000
[    5603.669227] /dev/input/event2: 0003 0035 0000033e
[    5603.669227] /dev/input/event2: 0003 0036 000005d1
[    5603.669227] /dev/input/event2: 0000 0000 00000000
[    5603.677721] /dev/input/event2: 0003 0035 00000352
[    5603.677721] /dev/input/event2: 0003 0036 000005f9
[    5603.677721] /dev/input/event2: 0003 003a 00000039
[    5603.677721] /dev/input/event2: 0000 0000 00000000
[    5603.686185] /dev/input/event2: 0003 0035 00000361
[    5603.686185] /dev/input/event2: 0003 0036 0000061e
[    5603.686185] /dev/input/event2: 0000 0000 00000000
[    5603.694921] /dev/input/event2: 0003 0035 0000036a
[    5603.694921] /dev/input/event2: 0003 0036 0000063d
[    5603.694921] /dev/input/event2: 0003 003a 0000003a
[    5603.694921] /dev/input/event2: 0000 0000 00000000
[    5603.703443] /dev/input/event2: 0003 0035 0000036e
[    5603.703443] /dev/input/event2: 0003 0036 00000657
[    5603.703443] /dev/input/event2: 0003 003a 00000039
[    5603.703443] /dev/input/event2: 0000 0000 00000000
[    5603.712583] /dev/input/event2: 0003 0035 0000036f
[    5603.712583] /dev/input/event2: 0003 0036 00000669
[    5603.712583] /dev/input/event2: 0003 003a 00000040
[    5603.712583] /dev/input/event2: 0000 0000 00000000
[    5603.721163] /dev/input/event2: 0003 0035 0000036e
[    5603.721163] /dev/input/event2: 0003 0036 00000676
[    5603.721163] /dev/input/event2: 0003 003a 0000003f
[    5603.721163] /dev/input/event2: 0000 0000 00000000
[    5603.729660] /dev/input/event2: 0003 0035 0000036b
[    5603.729660] /dev/input/event2: 0003 0036 0000067e
[    5603.729660] /dev/input/event2: 0000 0000 00000000
[    5603.738036] /dev/input/event2: 0003 0035 00000366
[    5603.738036] /dev/input/event2: 0003 0036 00000682
[    5603.738036] /dev/input/event2: 0003 003a 0000003e
[    5603.738036] /dev/input/event2: 0000 0000 00000000
[    5603.746749] /dev/input/event2: 0003 0035 0000035c
[    5603.746749] /dev/input/event2: 0003 0036 00000684
[    5603.746749] /dev/input/event2: 0003 003a 0000003d
[    5603.746749] /dev/input/event2: 0000 0000 00000000
[    5603.754441] /dev/input/event2: 0003 0035 0000034c
[    5603.754441] /dev/input/event2: 0003 0036 00000681
[    5603.754441] /dev/input/event2: 0003 003a 00000037
[    5603.754441] /dev/input/event2: 0000 0000 00000000
[    5603.763063] /dev/input/event2: 0003 0035 00000335
[    5603.763063] /dev/input/event2: 0003 0036 00000675
[    5603.763063] /dev/input/event2: 0003 0031 00000003
[    5603.763063] /dev/input/event2: 0000 0000 00000000
[    5603.771526] /dev/input/event2: 0003 0035 0000031e
[    5603.771526] /dev/input/event2: 0003 0036 00000662
[    5603.771526] /dev/input/event2: 0003 0031 00000004
[    5603.771526] /dev/input/event2: 0000 0000 00000000
[    5603.780104] /dev/input/event2: 0003 0035 00000302
[    5603.780104] /dev/input/event2: 0003 0036 00000644
[    5603.780104] /dev/input/event2: 0000 0000 00000000
[    5603.788579] /dev/input/event2: 0003 0035 000002e5
[    5603.788579] /dev/input/event2: 0003 0036 0000061d
[    5603.788579] /dev/input/event2: 0003 0031 00000003
[    5603.788579] /dev/input/event2: 0000 0000 00000000
[    5603.797082] /dev/input/event2: 0003 0035 000002cd
[    5603.797082] /dev/input/event2: 0003 0036 000005f6
[    5603.797082] /dev/input/event2: 0003 0031 00000004
[    5603.797082] /dev/input/event2: 0003 003a 00000036
[    5603.797082] /dev/input/event2: 0000 0000 00000000
[    5603.805672] /dev/input/event2: 0003 0035 000002b9
[    5603.805672] /dev/input/event2: 0003 0036 000005ce
[    5603.805672] /dev/input/event2: 0000 0000 00000000
[    5603.814219] /dev/input/event2: 0003 0035 000002ac
[    5603.814219] /dev/input/event2: 0003 0036 000005ab
[    5603.814219] /dev/input/event2: 0000 0000 00000000
[    5603.822702] /dev/input/event2: 0003 0035 000002a5
[    5603.822702] /dev/input/event2: 0003 0036 00000590
[    5603.822702] /dev/input/event2: 0000 0000 00000000
[    5603.831214] /dev/input/event2: 0003 0035 000002a2
[    5603.831214] /dev/input/event2: 0003 0036 0000057a
[    5603.831214] /dev/input/event2: 0003 0031 00000003
[    5603.831214] /dev/input/event2: 0000 0000 00000000
[    5603.840605] /dev/input/event2: 0003 0036 00000568
[    5603.840605] /dev/input/event2: 0003 0031 00000004
[    5603.840605] /dev/input/event2: 0003 003a 0000003c
[    5603.840605] /dev/input/event2: 0000 0000 00000000
[    5603.849096] /dev/input/event2: 0003 0035 000002a5
[    5603.849096] /dev/input/event2: 0003 0036 0000055b
[    5603.849096] /dev/input/event2: 0000 0000 00000000
[    5603.857516] /dev/input/event2: 0003 0035 000002ab
[    5603.857516] /dev/input/event2: 0003 0036 00000552
[    5603.857516] /dev/input/event2: 0003 003a 0000003d
[    5603.857516] /dev/input/event2: 0000 0000 00000000
[    5603.865336] /dev/input/event2: 0003 0035 000002b4
[    5603.865336] /dev/input/event2: 0003 0036 0000054b
[    5603.865336] /dev/input/event2: 0003 003a 00000037
[    5603.865336] /dev/input/event2: 0000 0000 00000000
[    5603.873986] /dev/input/event2: 0003 0035 000002c6
[    5603.873986] /dev/input/event2: 0003 0036 00000548
[    5603.873986] /dev/input/event2: 0003 003a 00000038
[    5603.873986] /dev/input/event2: 0000 0000 00000000
[    5603.882437] /dev/input/event2: 0003 0035 000002e3
[    5603.882437] /dev/input/event2: 0003 0036 0000054e
[    5603.882437] /dev/input/event2: 0000 0000 00000000
[    5603.891105] /dev/input/event2: 0003 0035 00000305
[    5603.891105] /dev/input/event2: 0003 0036 0000055d
[    5603.891105] /dev/input/event2: 0003 003a 00000039
[    5603.891105] /dev/input/event2: 0000 0000 00000000
[    5603.899519] /dev/input/event2: 0003 0035 00000327
[    5603.899519] /dev/input/event2: 0003 0036 00000575
[    5603.899519] /dev/input/event2: 0003 003a 00000038
[    5603.899519] /dev/input/event2: 0000 0000 00000000
[    5603.908133] /dev/input/event2: 0003 0035 00000348
[    5603.908133] /dev/input/event2: 0003 0036 00000594
[    5603.908133] /dev/input/event2: 0000 0000 00000000
[    5603.916677] /dev/input/event2: 0003 0035 0000036a
[    5603.916677] /dev/input/event2: 0003 0036 000005ba
[    5603.916677] /dev/input/event2: 0000 0000 00000000
[    5603.925170] /dev/input/event2: 0003 0035 0000038b
[    5603.925170] /dev/input/event2: 0003 0036 000005e5
[    5603.925170] /dev/input/event2: 0003 003a 00000039
[    5603.925170] /dev/input/event2: 0000 0000 00000000
[    5603.933654] /dev/input/event2: 0003 0035 000003a9
[    5603.933654] /dev/input/event2: 0003 0036 00000613
[    5603.933654] /dev/input/event2: 0000 0000 00000000
[    5603.942131] /dev/input/event2: 0003 0035 000003bf
[    5603.942131] /dev/input/event2: 0003 0036 0000063b
[    5603.942131] /dev/input/event2: 0003 003a 00000038
[    5603.942131] /dev/input/event2: 0000 0000 00000000
[    5603.950648] /dev/input/event2: 0003 0035 000003d0
[    5603.950648] /dev/input/event2: 0003 0036 00000663
[    5603.950648] /dev/input/event2: 0003 003a 00000037
[    5603.950648] /dev/input/event2: 0000 0000 00000000
[    5603.959233] /dev/input/event2: 0003 0035 000003da
[    5603.959233] /dev/input/event2: 0003 0036 00000682
[    5603.959233] /dev/input/event2: 0003 003a 00000036
[    5603.959233] /dev/input/event2: 0000 0000 00000000
[    5603.967720] /dev/input/event2: 0003 0035 000003e0
[    5603.967720] /dev/input/event2: 0003 0036 0000069f
[    5603.967720] /dev/input/event2: 0000 0000 00000000
[    5603.976303] /dev/input/event2: 0003 0035 000003e3
[    5603.976303] /dev/input/event2: 0003 0036 000006b6
[    5603.976303] /dev/input/event2: 0003 003a 00000037
[    5603.976303] /dev/input/event2: 0000 0000 00000000
[    5603.985488] /dev/input/event2: 0003 0036 000006c6
[    5603.985488] /dev/input/event2: 0003 003a 0000003c
[    5603.985488] /dev/input/event2: 0000 0000 00000000
[    5604.013223] /dev/input/event2: 0003 0035 000003d7
[    5604.013223] /dev/input/event2: 0003 0036 000006cf
[    5604.013223] /dev/input/event2: 0003 003a 0000003d
[    5604.013223] /dev/input/event2: 0000 0000 00000000
[    5604.021566] /dev/input/event2: 0003 0035 000003be
[    5604.021566] /dev/input/event2: 0003 0036 000006d4
[    5604.021566] /dev/input/event2: 0003 0031 00000003
[    5604.021566] /dev/input/event2: 0003 003a 0000003e
[    5604.021566] /dev/input/event2: 0000 0000 00000000
[    5604.029442] /dev/input/event2: 0003 0035 0000039f
[    5604.029442] /dev/input/event2: 0003 0036 000006ce
[    5604.029442] /dev/input/event2: 0003 0031 00000004
[    5604.029442] /dev/input/event2: 0003 003a 00000038
[    5604.029442] /dev/input/event2: 0000 0000 00000000
[    5604.038048] /dev/input/event2: 0003 0035 00000376
[    5604.038048] /dev/input/event2: 0003 0036 000006b9
[    5604.038048] /dev/input/event2: 0003 0031 00000003
[    5604.038048] /dev/input/event2: 0003 003a 00000037
[    5604.038048] /dev/input/event2: 0000 0000 00000000
[    5604.046560] /dev/input/event2: 0003 0035 0000034e
[    5604.046560] /dev/input/event2: 0003 0036 00000697
[    5604.046560] /dev/input/event2: 0003 003a 00000036
[    5604.046560] /dev/input/event2: 0000 0000 00000000
[    5604.055082] /dev/input/event2: 0003 0035 00000320
[    5604.055082] /dev/input/event2: 0003 0036 00000662
[    5604.055082] /dev/input/event2: 0003 003a 00000037
[    5604.055082] /dev/input/event2: 0000 0000 00000000
[    5604.063614] /dev/input/event2: 0003 0035 000002ea
[    5604.063614] /dev/input/event2: 0003 0036 0000061c
[    5604.063614] /dev/input/event2: 0003 0031 00000004
[    5604.063614] /dev/input/event2: 0003 003a 00000036
[    5604.063614] /dev/input/event2: 0000 0000 00000000
[    5604.072027] /dev/input/event2: 0003 0035 000002ba
[    5604.072027] /dev/input/event2: 0003 0036 000005cb
[    5604.072027] /dev/input/event2: 0003 0031 00000003
[    5604.072027] /dev/input/event2: 0003 003a 00000034
[    5604.072027] /dev/input/event2: 0000 0000 00000000
[    5604.080506] /dev/input/event2: 0003 0035 0000028c
[    5604.080506] /dev/input/event2: 0003 0036 00000570
[    5604.080506] /dev/input/event2: 0003 0031 00000004
[    5604.080506] /dev/input/event2: 0000 0000 00000000
[    5604.089064] /dev/input/event2: 0003 0035 00000267
[    5604.089064] /dev/input/event2: 0003 0036 0000051d
[    5604.089064] /dev/input/event2: 0003 003a 00000036
[    5604.089064] /dev/input/event2: 0000 0000 00000000
[    5604.097577] /dev/input/event2: 0003 0035 00000242
[    5604.097577] /dev/input/event2: 0003 0036 000004ca
[    5604.097577] /dev/input/event2: 0003 003a 00000034
[    5604.097577] /dev/input/event2: 0000 0000 00000000
[    5604.106181] /dev/input/event2: 0003 0035 00000225
[    5604.106181] /dev/input/event2: 0003 0036 0000046f
[    5604.106181] /dev/input/event2: 0003 0031 00000003
[    5604.106181] /dev/input/event2: 0003 003a 00000033
[    5604.106181] /dev/input/event2: 0000 0000 00000000
[    5604.114663] /dev/input/event2: 0003 0035 0000020b
[    5604.114663] /dev/input/event2: 0003 0036 00000420
[    5604.114663] /dev/input/event2: 0003 0031 00000004
[    5604.114663] /dev/input/event2: 0003 003a 00000035
[    5604.114663] /dev/input/event2: 0000 0000 00000000
[    5604.123271] /dev/input/event2: 0003 0035 000001f6
[    5604.123271] /dev/input/event2: 0003 0036 000003d4
[    5604.123271] /dev/input/event2: 0003 003a 00000034
[    5604.123271] /dev/input/event2: 0000 0000 00000000
[    5604.131706] /dev/input/event2: 0003 0035 000001e9
[    5604.131706] /dev/input/event2: 0003 0036 0000039a
[    5604.131706] /dev/input/event2: 0003 0031 00000003
[    5604.131706] /dev/input/event2: 0003 003a 00000033
[    5604.131706] /dev/input/event2: 0000 0000 00000000
[    5604.140185] /dev/input/event2: 0003 0035 000001e1
[    5604.140185] /dev/input/event2: 0003 0036 0000036a
[    5604.140185] /dev/input/event2: 0003 0031 00000004
[    5604.140185] /dev/input/event2: 0000 0000 00000000
[    5604.148693] /dev/input/event2: 0003 0035 000001dd
[    5604.148693] /dev/input/event2: 0003 0036 00000335
[    5604.148693] /dev/input/event2: 0003 003a 00000032
[    5604.148693] /dev/input/event2: 0000 0000 00000000
[    5604.157256] /dev/input/event2: 0003 0035 000001df
[    5604.157256] /dev/input/event2: 0003 0036 00000312
[    5604.157256] /dev/input/event2: 0003 0031 00000003
[    5604.157256] /dev/input/event2: 0003 003a 00000029
[    5604.157256] /dev/input/event2: 0000 0000 00000000
[    5604.165549] /dev/input/event2: 0003 0039 ffffffff
[    5604.165549] /dev/input/event2: 0000 0000 00000000
