[   27805.331602] /dev/input/event2: 0003 0039 00000ef7
[   27805.331602] /dev/input/event2: 0003 0035 0000023e
[   27805.331602] /dev/input/event2: 0003 0036 00000694
[   27805.331602] /dev/input/event2: 0003 0030 00000004
[   27805.331602] /dev/input/event2: 0003 0031 00000003
[   27805.331602] /dev/input/event2: 0003 003a 00000030
[   27805.331602] /dev/input/event2: 0000 0000 00000000
[   27805.340523] /dev/input/event2: 0003 0035 00000250
[   27805.340523] /dev/input/event2: 0003 0036 0000067a
[   27805.340523] /dev/input/event2: 0003 0030 00000005
[   27805.340523] /dev/input/event2: 0003 0031 00000004
[   27805.340523] /dev/input/event2: 0003 003a 00000042
[   27805.340523] /dev/input/event2: 0000 0000 00000000
[   27805.349025] /dev/input/event2: 0003 0036 00000679
[   27805.349025] /dev/input/event2: 0003 003a 0000003f
[   27805.349025] /dev/input/event2: 0000 0000 00000000
[   27805.356757] /dev/input/event2: 0003 0035 00000251
[   27805.356757] /dev/input/event2: 0003 0036 00000675
[   27805.356757] /dev/input/event2: 0003 003a 00000037
[   27805.356757] /dev/input/event2: 0000 0000 00000000
[   27805.365255] /dev/input/event2: 0003 0035 00000252
[   27805.365255] /dev/input/event2: 0003 0036 0000066c
[   27805.365255] /dev/input/event2: 0003 003a 00000036
[   27805.365255] /dev/input/event2: 0000 0000 00000000
[   27805.373781] /dev/input/event2: 0003 0035 00000253
[   27805.373781] /dev/input/event2: 0003 0036 0000065c
[   27805.373781] /dev/input/event2: 0003 003a 00000037
[   27805.373781] /dev/input/event2: 0000 0000 00000000
[   27805.382067] /dev/input/event2: 0003 0035 00000251
[   27805.382067] /dev/input/event2: 0003 0036 00000642
[   27805.382067] /dev/input/event2: 0000 0000 00000000
[   27805.390687] /dev/input/event2: 0003 0035 0000024a
[   27805.390687] /dev/input/event2: 0003 0036 0000061f
[   27805.390687] /dev/input/event2: 0000 0000 00000000
[   27805.399245] /dev/input/event2: 0003 0035 0000023e
[   27805.399245] /dev/input/event2: 0003 0036 000005f5
[   27805.399245] /dev/input/event2: 0003 003a 00000036
[   27805.399245] /dev/input/event2: 0000 0000 00000000
[   27805.407623] /dev/input/event2: 0003 0035 0000022e
[   27805.407623] /dev/input/event2: 0003 0036 000005c3
[   27805.407623] /dev/input/event2: 0003 003a 00000035
[   27805.407623] /dev/input/event2: 0000 0000 00000000
[   27805.416204] /dev/input/event2: 0003 0035 0000021b
[   27805.416204] /dev/input/event2: 0003 0036 0000058b
[   27805.416204] /dev/input/event2: 0000 0000 00000000
[   27805.424618] /dev/input/event2: 0003 0035 00000206
[   27805.424618] /dev/input/event2: 0003 0036 00000553
[   27805.424618] /dev/input/event2: 0000 0000 00000000
[   27805.433043] /dev/input/event2: 0003 0035 000001f6
[   27805.433043] /dev/input/event2: 0003 0036 00000520
[   27805.433043] /dev/input/event2: 0000 0000 00000000
[   27805.441611] /dev/input/event2: 0003 0035 000001ea
[   27805.441611] /dev/input/event2: 0003 0036 000004f4
[   27805.441611] /dev/input/event2: 0003 003a 00000034
[   27805.441611] /dev/input/event2: 0000 0000 00000000
[   27805.449971] /dev/input/event2: 0003 0035 000001e4
[   27805.449971] /dev/input/event2: 0003 0036 000004d2
[   27805.449971] /dev/input/event2: 0003 003a 00000035
[   27805.449971] /dev/input/event2: 0000 0000 00000000
[   27805.458537] /dev/input/event2: 0003 0035 000001e2
[   27805.458537] /dev/input/event2: 0003 0036 000004b7
[   27805.458537] /dev/input/event2: 0000 0000 00000000
[   27805.467664] /dev/input/event2: 0003 0035 000001e5
[   27805.467664] /dev/input/event2: 0003 0036 000004a2
[   27805.467664] /dev/input/event2: 0003 003a 0000003b
[   27805.467664] /dev/input/event2: 0000 0000 00000000
[   27805.476263] /dev/input/event2: 0003 0035 000001ec
[   27805.476263] /dev/input/event2: 0003 0036 00000493
[   27805.476263] /dev/input/event2: 0000 0000 00000000
[   27805.483858] /dev/input/event2: 0003 0035 000001f4
[   27805.483858] /dev/input/event2: 0003 0036 0000048a
[   27805.483858] /dev/input/event2: 0003 003a 00000036
[   27805.483858] /dev/input/event2: 0000 0000 00000000
[   27805.492462] /dev/input/event2: 0003 0035 00000208
[   27805.492462] /dev/input/event2: 0003 0036 00000482
[   27805.492462] /dev/input/event2: 0000 0000 00000000
[   27805.500855] /dev/input/event2: 0003 0035 00000225
[   27805.500855] /dev/input/event2: 0003 0036 00000483
[   27805.500855] /dev/input/event2: 0000 0000 00000000
[   27805.509421] /dev/input/event2: 0003 0035 00000249
[   27805.509421] /dev/input/event2: 0003 0036 0000048e
[   27805.509421] /dev/input/event2: 0000 0000 00000000
[   27805.517893] /dev/input/event2: 0003 0035 00000271
[   27805.517893] /dev/input/event2: 0003 0036 000004a4
[   27805.517893] /dev/input/event2: 0003 003a 00000037
[   27805.517893] /dev/input/event2: 0000 0000 00000000
[   27805.526352] /dev/input/event2: 0003 0035 00000294
[   27805.526352] /dev/input/event2: 0003 0036 000004c1
[   27805.526352] /dev/input/event2: 0000 0000 00000000
[   27805.534895] /dev/input/event2: 0003 0035 000002b7
[   27805.534895] /dev/input/event2: 0003 0036 000004e4
[   27805.534895] /dev/input/event2: 0003 003a 00000039
[   27805.534895] /dev/input/event2: 0000 0000 00000000
[   27805.543259] /dev/input/event2: 0003 0035 000002db
[   27805.543259] /dev/input/event2: 0003 0036 00000510
[   27805.543259] /dev/input/event2: 0000 0000 00000000
[   27805.551738] /dev/input/event2: 0003 0035 000002fd
[   27805.551738] /dev/input/event2: 0003 0036 00000542
[   27805.551738] /dev/input/event2: 0003 003a 00000038
[   27805.551738] /dev/input/event2: 0000 0000 00000000
[   27805.560167] /dev/input/event2: 0003 0035 00000318
[   27805.560167] /dev/input/event2: 0003 0036 00000571
[   27805.560167] /dev/input/event2: 0000 0000 00000000
[   27805.568687] /dev/input/event2: 0003 0035 0000032b
[   27805.568687] /dev/input/event2: 0003 0036 00000598
[   27805.568687] /dev/input/event2: 0000 0000 00000000
[   27805.577312] /dev/input/event2: 0003 0035 0000033a
[   27805.577312] /dev/input/event2: 0003 0036 000005be
[   27805.577312] /dev/input/event2: 0000 0000 00000000
[   27805.585679] /dev/input/event2: 0003 0035 00000343
[   27805.585679] /dev/input/event2: 0003 0036 000005db
[   27805.585679] /dev/input/event2: 0000 0000 00000000
[   27805.594231] /dev/input/event2: 0003 0035 00000348
[   27805.594231] /dev/input/event2: 0003 0036 000005f0
[   27805.594231] /dev/input/event2: 0000 0000 00000000
[   27805.603609] /dev/input/event2: 0003 0035 00000349
[   27805.603609] /dev/input/event2: 0003 0036 00000601
[   27805.603609] /dev/input/event2: 0003 003a 0000003f
[   27805.603609] /dev/input/event2: 0000 0000 00000000
[   27805.611831] /dev/input/event2: 0003 0035 00000348
[   27805.611831] /dev/input/event2: 0003 0036 0000060e
[   27805.611831] /dev/input/event2: 0000 0000 00000000
[   27805.620394] /dev/input/event2: 0003 0035 00000345
[   27805.620394] /dev/input/event2: 0003 0036 00000616
[   27805.620394] /dev/input/event2: 0000 0000 00000000
[   27805.628970] /dev/input/event2: 0003 0035 00000342
[   27805.628970] /dev/input/event2: 0003 0036 0000061a
[   27805.628970] /dev/input/event2: 0000 0000 00000000
[   27805.637291] /dev/input/event2: 0003 0035 0000033c
[   27805.637291] /dev/input/event2: 0003 0036 0000061c
[   27805.637291] /dev/input/event2: 0003 003a 0000003e
[   27805.637291] /dev/input/event2: 0000 0000 00000000
[   27805.645224] /dev/input/event2: 0003 0035 0000032e
[   27805.645224] /dev/input/event2: 0003 0036 0000061b
[   27805.645224] /dev/input/event2: 0003 0031 00000003
[   27805.645224] /dev/input/event2: 0003 003a 00000037
[   27805.645224] /dev/input/event2: 0000 0000 00000000
[   27805.653603] /dev/input/event2: 0003 0035 0000031b
[   27805.653603] /dev/input/event2: 0003 0036 00000612
[   27805.653603] /dev/input/event2: 0003 0031 00000004
[   27805.653603] /dev/input/event2: 0000 0000 00000000
[   27805.662077] /dev/input/event2: 0003 0035 00000301
[   27805.662077] /dev/input/event2: 0003 0036 00000601
[   27805.662077] /dev/input/event2: 0000 0000 00000000
[   27805.670534] /dev/input/event2: 0003 0035 000002e9
[   27805.670534] /dev/input/event2: 0003 0036 000005ea
[   27805.670534] /dev/input/event2: 0003 003a 00000036
[   27805.670534] /dev/input/event2: 0000 0000 00000000
[   27805.679036] /dev/input/event2: 0003 0035 000002cd
[   27805.679036] /dev/input/event2: 0003 0036 000005c9
[   27805.679036] /dev/input/event2: 0000 0000 00000000
[   27805.687410] /dev/input/event2: 0003 0035 000002b4
[   27805.687410] /dev/input/event2: 0003 0036 000005a7
[   27805.687410] /dev/input/event2: 0000 0000 00000000
[   27805.695977] /dev/input/event2: 0003 0035 0000029e
[   27805.695977] /dev/input/event2: 0003 0036 00000583
[   27805.695977] /dev/input/event2: 0000 0000 00000000
[   27805.704462] /dev/input/event2: 0003 0035 0000028f
[   27805.704462] /dev/input/event2: 0003 0036 00000566
[   27805.704462] /dev/input/event2: 0000 0000 00000000
[   27805.712948] /dev/input/event2: 0003 0035 00000285
[   27805.712948] /dev/input/event2: 0003 0036 00000550
[   27805.712948] /dev/input/event2: 0000 0000 00000000
[   27805.722281] /dev/input/event2: 0003 0035 00000280
[   27805.722281] /dev/input/event2: 0003 0036 00000540
[   27805.722281] /dev/input/event2: 0003 003a 0000003d
[   27805.722281] /dev/input/event2: 0000 0000 00000000
[   27805.730695] /dev/input/event2: 0003 0035 0000027e
[   27805.730695] /dev/input/event2: 0003 0036 00000534
[   27805.730695] /dev/input/event2: 0000 0000 00000000
[   27805.739103] /dev/input/event2: 0003 0035 0000027f
[   27805.739103] /dev/input/event2: 0003 0036 0000052c
[   27805.739103] /dev/input/event2: 0000 0000 00000000
[   27805.747844] /dev/input/event2: 0003 0035 00000282
[   27805.747844] /dev/input/event2: 0003 0036 00000528
[   27805.747844] /dev/input/event2: 0003 003a 0000003c
[   27805.747844] /dev/input/event2: 0000 0000 00000000
[   27805.755338] /dev/input/event2: 0003 0035 0000028b
[   27805.755338] /dev/input/event2: 0003 0036 00000526
[   27805.755338] /dev/input/event2: 0003 003a 00000037
[   27805.755338] /dev/input/event2: 0000 0000 00000000
[   27805.763874] /dev/input/event2: 0003 0035 000002a0
[   27805.763874] /dev/input/event2: 0003 0036 0000052e
[   27805.763874] /dev/input/event2: 0003 003a 00000038
[   27805.763874] /dev/input/event2: 0000 0000 00000000
[   27805.772316] /dev/input/event2: 0003 0035 000002c0
[   27805.772316] /dev/input/event2: 0003 0036 00000543
[   27805.772316] /dev/input/event2: 0000 0000 00000000
[   27805.780840] /dev/input/event2: 0003 0035 000002e0
[   27805.780840] /dev/input/event2: 0003 0036 00000562
[   27805.780840] /dev/input/event2: 0000 0000 00000000
[   27805.789268] /dev/input/event2: 0003 0035 00000307
[   27805.789268] /dev/input/event2: 0003 0036 00000591
[   27805.789268] /dev/input/event2: 0000 0000 00000000
[   27805.798106] /dev/input/event2: 0003 0035 0000032a
[   27805.798106] /dev/input/event2: 0003 0036 000005c1
[   27805.798106] /dev/input/event2: 0000 0000 00000000
[   27805.806425] /dev/input/event2: 0003 0035 00000347
[   27805.806425] /dev/input/event2: 0003 0036 000005f1
[   27805.806425] /dev/input/event2: 0003 003a 00000039
[   27805.806425] /dev/input/event2: 0000 0000 00000000
[   27805.814719] /dev/input/event2: 0003 0035 0000035f
[   27805.814719] /dev/input/event2: 0003 0036 0000061e
[   27805.814719] /dev/input/event2: 0000 0000 00000000
[   27805.823306] /dev/input/event2: 0003 0035 00000370
[   27805.823306] /dev/input/event2: 0003 0036 00000640
[   27805.823306] /dev/input/event2: 0000 0000 00000000
[   27805.831799] /dev/input/event2: 0003 0035 0000037a
[   27805.831799] /dev/input/event2: 0003 0036 00000659
[   27805.831799] /dev/input/event2: 0000 0000 00000000
[   27805.840856] /dev/input/event2: 0003 0035 0000037f
[   27805.840856] /dev/input/event2: 0003 0036 00000669
[   27805.840856] /dev/input/event2: 0003 003a 00000040
[   27805.840856] /dev/input/event2: 0000 0000 00000000
[   27805.849357] /dev/input/event2: 0003 0035 00000381
[   27805.849357] /dev/input/event2: 0003 0036 00000673
[   27805.849357] /dev/input/event2: 0000 0000 00000000
[   27805.858037] /dev/input/event2: 0003 0036 00000679
[   27805.858037] /dev/input/event2: 0000 0000 00000000
[   27805.866640] /dev/input/event2: 0003 0035 0000037f
[   27805.866640] /dev/input/event2: 0003 0036 0000067b
[   27805.866640] /dev/input/event2: 0003 003a 0000003f
[   27805.866640] /dev/input/event2: 0000 0000 00000000
[   27805.874979] /dev/input/event2: 0003 0035 0000037c
[   27805.874979] /dev/input/event2: 0003 003a 0000003d
[   27805.874979] /dev/input/event2: 0000 0000 00000000
[   27805.882593] /dev/input/event2: 0003 0035 00000372
[   27805.882593] /dev/input/event2: 0003 0036 00000676
[   27805.882593] /dev/input/event2: 0003 003a 00000037
[   27805.882593] /dev/input/event2: 0000 0000 00000000
[   27805.891198] /dev/input/event2: 0003 0035 00000363
[   27805.891198] /dev/input/event2: 0003 0036 00000668
[   27805.891198] /dev/input/event2: 0003 003a 00000036
[   27805.891198] /dev/input/event2: 0000 0000 00000000
[   27805.899786] /dev/input/event2: 0003 0035 0000034d
[   27805.899786] /dev/input/event2: 0003 0036 00000650
[   27805.899786] /dev/input/event2: 0003 0031 00000003
[   27805.899786] /dev/input/event2: 0003 003a 00000037
[   27805.899786] /dev/input/event2: 0000 0000 00000000
[   27805.908113] /dev/input/event2: 0003 0035 00000332
[   27805.908113] /dev/input/event2: 0003 0036 0000062e
[   27805.908113] /dev/input/event2: 0003 0031 00000004
[   27805.908113] /dev/input/event2: 0000 0000 00000000
[   27805.916604] /dev/input/event2: 0003 0035 00000315
[   27805.916604] /dev/input/event2: 0003 0036 00000600
[   27805.916604] /dev/input/event2: 0000 0000 00000000
[   27805.925055] /dev/input/event2: 0003 0035 000002fe
[   27805.925055] /dev/input/event2: 0003 0036 000005d4
[   27805.925055] /dev/input/event2: 0003 0031 00000003
[   27805.925055] /dev/input/event2: 0003 003a 00000036
[   27805.925055] /dev/input/event2: 0000 0000 00000000
[   27805.933503] /dev/input/event2: 0003 0035 000002ea
[   27805.933503] /dev/input/event2: 0003 0036 000005a9
[   27805.933503] /dev/input/event2: 0003 0031 00000004
[   27805.933503] /dev/input/event2: 0000 0000 00000000
[   27805.942142] /dev/input/event2: 0003 0035 000002d9
[   27805.942142] /dev/input/event2: 0003 0036 00000581
[   27805.942142] /dev/input/event2: 0000 0000 00000000
[   27805.950552] /dev/input/event2: 0003 0035 000002cd
[   27805.950552] /dev/input/event2: 0003 0036 00000563
[   27805.950552] /dev/input/event2: 0000 0000 00000000
[   27805.958948] /dev/input/event2: 0003 0035 000002c6
[   27805.958948] /dev/input/event2: 0003 0036 0000054d
[   27805.958948] /dev/input/event2: 0000 0000 00000000
[   27805.968284] /dev/input/event2: 0003 0035 000002c2
[   27805.968284] /dev/input/event2: 0003 0036 0000053f
[   27805.968284] /dev/input/event2: 0003 003a 0000003d
[   27805.968284] /dev/input/event2: 0000 0000 00000000
[   27805.976696] /dev/input/event2: 0003 0035 000002c0
[   27805.976696] /dev/input/event2: 0003 0036 00000536
[   27805.976696] /dev/input/event2: 0000 0000 00000000
[   27805.985091] /dev/input/event2: 0003 0036 00000530
[   27805.985091] /dev/input/event2: 0000 0000 00000000
[   27805.993603] /dev/input/event2: 0003 0035 000002c1
[   27805.993603] /dev/input/event2: 0003 0036 0000052d
[   27805.993603] /dev/input/event2: 0000 0000 00000000
[   27806.002261] /dev/input/event2: 0003 0035 000002c4
[   27806.002261] /dev/input/event2: 0003 0036 0000052b
[   27806.002261] /dev/input/event2: 0003 003a 0000003e
[   27806.002261] /dev/input/event2: 0000 0000 00000000
[   27806.010615] /dev/input/event2: 0003 0035 000002cc
[   27806.010615] /dev/input/event2: 0000 0000 00000000
[   27806.018366] /dev/input/event2: 0003 0035 000002dc
[   27806.018366] /dev/input/event2: 0003 0036 00000532
[   27806.018366] /dev/input/event2: 0003 003a 00000038
[   27806.018366] /dev/input/event2: 0000 0000 00000000
[   27806.026909] /dev/input/event2: 0003 0035 000002f0
[   27806.026909] /dev/input/event2: 0003 0036 0000053f
[   27806.026909] /dev/input/event2: 0000 0000 00000000
[   27806.035401] /dev/input/event2: 0003 0035 00000306
[   27806.035401] /dev/input/event2: 0003 0036 00000553
[   27806.035401] /dev/input/event2: 0000 0000 00000000
[   27806.043878] /dev/input/event2: 0003 0035 0000031e
[   27806.043878] /dev/input/event2: 0003 0036 0000056b
[   27806.043878] /dev/input/event2: 0000 0000 00000000
[   27806.052335] /dev/input/event2: 0003 0035 00000338
[   27806.052335] /dev/input/event2: 0003 0036 0000058c
[   27806.052335] /dev/input/event2: 0000 0000 00000000
[   27806.060772] /dev/input/event2: 0003 0035 0000034e
[   27806.060772] /dev/input/event2: 0003 0036 000005b0
[   27806.060772] /dev/input/event2: 0000 0000 00000000
[   27806.069435] /dev/input/event2: 0003 0035 00000363
[   27806.069435] /dev/input/event2: 0003 0036 000005da
[   27806.069435] /dev/input/event2: 0000 0000 00000000
[   27806.077798] /dev/input/event2: 0003 0035 00000374
[   27806.077798] /dev/input/event2: 0003 0036 00000601
[   27806.077798] /dev/input/event2: 0003 003a 00000039
[   27806.077798] /dev/input/event2: 0000 0000 00000000
[   27806.086269] /dev/input/event2: 0003 0035 00000381
[   27806.086269] /dev/input/event2: 0003 0036 0000062b
[   27806.086269] /dev/input/event2: 0000 0000 00000000
[   27806.094838] /dev/input/event2: 0003 0035 0000038a
[   27806.094838] /dev/input/event2: 0003 0036 0000064e
[   27806.094838] /dev/input/event2: 0003 003a 00000038
[   27806.094838] /dev/input/event2: 0000 0000 00000000
[   27806.103233] /dev/input/event2: 0003 0035 0000038e
[   27806.103233] /dev/input/event2: 0003 0036 0000066c
[   27806.103233] /dev/input/event2: 0000 0000 00000000
[   27806.111689] /dev/input/event2: 0003 0035 0000038f
[   27806.111689] /dev/input/event2: 0003 0036 00000681
[   27806.111689] /dev/input/event2: 0000 0000 00000000
[   27806.120883] /dev/input/event2: 0003 0035 0000038e
[   27806.120883] /dev/input/event2: 0003 0036 0000068e
[   27806.120883] /dev/input/event2: 0003 003a 0000003e
[   27806.120883] /dev/input/event2: 0000 0000 00000000
[   27806.129499] /dev/input/event2: 0003 0035 0000038b
[   27806.129499] /dev/input/event2: 0003 0036 00000696
[   27806.129499] /dev/input/event2: 0000 0000 00000000
[   27806.137960] /dev/input/event2: 0003 0035 00000387
[   27806.137960] /dev/input/event2: 0003 0036 0000069b
[   27806.137960] /dev/input/event2: 0003 003a 0000003f
[   27806.137960] /dev/input/event2: 0000 0000 00000000
[   27806.146453] /dev/input/event2: 0003 0035 00000382
[   27806.146453] /dev/input/event2: 0003 0036 0000069e
[   27806.146453] /dev/input/event2: 0000 0000 00000000
[   27806.154842] /dev/input/event2: 0003 0035 00000374
[   27806.154842] /dev/input/event2: 0003 0036 0000069c
[   27806.154842] /dev/input/event2: 0003 0031 00000003
[   27806.154842] /dev/input/event2: 0003 003a 0000003e
[   27806.154842] /dev/input/event2: 0000 0000 00000000
[   27806.162566] /dev/input/event2: 0003 0035 0000035f
[   27806.162566] /dev/input/event2: 0003 0036 0000068f
[   27806.162566] /dev/input/event2: 0003 0031 00000004
[   27806.162566] /dev/input/event2: 0003 003a 00000036
[   27806.162566] /dev/input/event2: 0000 0000 00000000
[   27806.171105] /dev/input/event2: 0003 0035 00000342
[   27806.171105] /dev/input/event2: 0003 0036 00000672
[   27806.171105] /dev/input/event2: 0003 003a 00000037
[   27806.171105] /dev/input/event2: 0000 0000 00000000
[   27806.179607] /dev/input/event2: 0003 0035 00000314
[   27806.179607] /dev/input/event2: 0003 0036 0000063a
[   27806.179607] /dev/input/event2: 0003 003a 00000038
[   27806.179607] /dev/input/event2: 0000 0000 00000000
[   27806.188105] /dev/input/event2: 0003 0035 000002d8
[   27806.188105] /dev/input/event2: 0003 0036 000005e6
[   27806.188105] /dev/input/event2: 0003 003a 00000037
[   27806.188105] /dev/input/event2: 0000 0000 00000000
[   27806.196516] /dev/input/event2: 0003 0035 0000029b
[   27806.196516] /dev/input/event2: 0003 0036 00000582
[   27806.196516] /dev/input/event2: 0003 003a 00000035
[   27806.196516] /dev/input/event2: 0000 0000 00000000
[   27806.205106] /dev/input/event2: 0003 0035 00000253
[   27806.205106] /dev/input/event2: 0003 0036 00000506
[   27806.205106] /dev/input/event2: 0003 003a 00000037
[   27806.205106] /dev/input/event2: 0000 0000 00000000
[   27806.213551] /dev/input/event2: 0003 0035 00000204
[   27806.213551] /dev/input/event2: 0003 0036 0000047e
[   27806.213551] /dev/input/event2: 0003 003a 00000034
[   27806.213551] /dev/input/event2: 0000 0000 00000000
[   27806.221986] /dev/input/event2: 0003 0035 000001ae
[   27806.221986] /dev/input/event2: 0003 0036 000003ea
[   27806.221986] /dev/input/event2: 0003 003a 00000035
[   27806.221986] /dev/input/event2: 0000 0000 00000000
[   27806.230469] /dev/input/event2: 0003 0035 00000152
[   27806.230469] /dev/input/event2: 0003 0036 00000350
[   27806.230469] /dev/input/event2: 0003 003a 00000032
[   27806.230469] /dev/input/event2: 0000 0000 00000000
[   27806.238992] /dev/input/event2: 0003 0035 000000fa
[   27806.238992] /dev/input/event2: 0003 0036 000002d3
[   27806.238992] /dev/input/event2: 0000 0000 00000000
[   27806.247507] /dev/input/event2: 0003 0035 0000009b
[   27806.247507] /dev/input/event2: 0003 0036 00000243
[   27806.247507] /dev/input/event2: 0003 003a 0000001b
[   27806.247507] /dev/input/event2: 0000 0000 00000000
[   27806.255681] /dev/input/event2: 0003 0039 ffffffff
[   27806.255681] /dev/input/event2: 0000 0000 00000000
