[   68996.612472] /dev/input/event2: 0003 0039 000013aa
[   68996.612472] /dev/input/event2: 0003 0035 0000023a
[   68996.612472] /dev/input/event2: 0003 0036 00000683
[   68996.612472] /dev/input/event2: 0003 0030 00000004
[   68996.612472] /dev/input/event2: 0003 0031 00000003
[   68996.612472] /dev/input/event2: 0003 003a 00000019
[   68996.612472] /dev/input/event2: 0000 0000 00000000
[   68996.629158] /dev/input/event2: 0003 0030 00000005
[   68996.629158] /dev/input/event2: 0003 003a 00000026
[   68996.629158] /dev/input/event2: 0000 0000 00000000
[   68996.637662] /dev/input/event2: 0003 0030 00000004
[   68996.637662] /dev/input/event2: 0003 003a 00000024
[   68996.637662] /dev/input/event2: 0000 0000 00000000
[   68996.646130] /dev/input/event2: 0003 0030 00000005
[   68996.646130] /dev/input/event2: 0000 0000 00000000
[   68996.654575] /dev/input/event2: 0003 0030 00000004
[   68996.654575] /dev/input/event2: 0003 003a 00000026
[   68996.654575] /dev/input/event2: 0000 0000 00000000
[   68996.663099] /dev/input/event2: 0003 003a 0000002b
[   68996.663099] /dev/input/event2: 0000 0000 00000000
[   68996.671618] /dev/input/event2: 0003 003a 0000002d
[   68996.671618] /dev/input/event2: 0000 0000 00000000
[   68996.680227] /dev/input/event2: 0003 0030 00000005
[   68996.680227] /dev/input/event2: 0003 003a 0000002f
[   68996.680227] /dev/input/event2: 0000 0000 00000000
[   68996.688619] /dev/input/event2: 0003 003a 00000032
[   68996.688619] /dev/input/event2: 0000 0000 00000000
[   68996.697131] /dev/input/event2: 0003 003a 00000033
[   68996.697131] /dev/input/event2: 0000 0000 00000000
[   68996.705702] /dev/input/event2: 0003 003a 00000035
[   68996.705702] /dev/input/event2: 0000 0000 00000000
[   68996.714068] /dev/input/event2: 0003 003a 00000036
[   68996.714068] /dev/input/event2: 0000 0000 00000000
[   68996.730894] /dev/input/event2: 0003 0036 00000682
[   68996.730894] /dev/input/event2: 0003 003a 00000037
[   68996.730894] /dev/input/event2: 0000 0000 00000000
[   68996.739616] /dev/input/event2: 0003 0035 00000239
[   68996.739616] /dev/input/event2: 0003 0036 00000680
[   68996.739616] /dev/input/event2: 0003 003a 00000038
[   68996.739616] /dev/input/event2: 0000 0000 00000000
[   68996.748050] /dev/input/event2: 0003 0035 00000237
[   68996.748050] /dev/input/event2: 0003 0036 00000679
[   68996.748050] /dev/input/event2: 0003 003a 00000039
[   68996.748050] /dev/input/event2: 0000 0000 00000000
[   68996.756512] /dev/input/event2: 0003 0035 00000233
[   68996.756512] /dev/input/event2: 0003 0036 0000066e
[   68996.756512] /dev/input/event2: 0003 0031 00000004
[   68996.756512] /dev/input/event2: 0000 0000 00000000
[   68996.764177] /dev/input/event2: 0003 0035 0000022d
[   68996.764177] /dev/input/event2: 0003 0036 0000065c
[   68996.764177] /dev/input/event2: 0003 0031 00000003
[   68996.764177] /dev/input/event2: 0003 003a 00000034
[   68996.764177] /dev/input/event2: 0000 0000 00000000
[   68996.772651] /dev/input/event2: 0003 0035 00000224
[   68996.772651] /dev/input/event2: 0003 0036 00000645
[   68996.772651] /dev/input/event2: 0003 0031 00000004
[   68996.772651] /dev/input/event2: 0003 003a 00000035
[   68996.772651] /dev/input/event2: 0000 0000 00000000
[   68996.781035] /dev/input/event2: 0003 0035 0000021b
[   68996.781035] /dev/input/event2: 0003 0036 0000062d
[   68996.781035] /dev/input/event2: 0003 003a 00000036
[   68996.781035] /dev/input/event2: 0000 0000 00000000
[   68996.789631] /dev/input/event2: 0003 0035 00000211
[   68996.789631] /dev/input/event2: 0003 0036 00000610
[   68996.789631] /dev/input/event2: 0000 0000 00000000
[   68996.798150] /dev/input/event2: 0003 0035 00000207
[   68996.798150] /dev/input/event2: 0003 0036 000005f5
[   68996.798150] /dev/input/event2: 0000 0000 00000000
[   68996.806696] /dev/input/event2: 0003 0035 000001fd
[   68996.806696] /dev/input/event2: 0003 0036 000005d7
[   68996.806696] /dev/input/event2: 0003 0031 00000003
[   68996.806696] /dev/input/event2: 0003 003a 00000035
[   68996.806696] /dev/input/event2: 0000 0000 00000000
[   68996.815167] /dev/input/event2: 0003 0035 000001f4
[   68996.815167] /dev/input/event2: 0003 0036 000005ba
[   68996.815167] /dev/input/event2: 0003 0031 00000004
[   68996.815167] /dev/input/event2: 0000 0000 00000000
[   68996.823717] /dev/input/event2: 0003 0035 000001ed
[   68996.823717] /dev/input/event2: 0003 0036 0000059f
[   68996.823717] /dev/input/event2: 0000 0000 00000000
[   68996.832007] /dev/input/event2: 0003 0035 000001e7
[   68996.832007] /dev/input/event2: 0003 0036 00000581
[   68996.832007] /dev/input/event2: 0000 0000 00000000
[   68996.841400] /dev/input/event2: 0003 0035 000001e1
[   68996.841400] /dev/input/event2: 0003 0036 00000565
[   68996.841400] /dev/input/event2: 0003 003a 0000003c
[   68996.841400] /dev/input/event2: 0000 0000 00000000
[   68996.849865] /dev/input/event2: 0003 0035 000001dc
[   68996.849865] /dev/input/event2: 0003 0036 00000547
[   68996.849865] /dev/input/event2: 0000 0000 00000000
[   68996.857603] /dev/input/event2: 0003 0035 000001d8
[   68996.857603] /dev/input/event2: 0003 0036 0000052a
[   68996.857603] /dev/input/event2: 0003 003a 00000035
[   68996.857603] /dev/input/event2: 0000 0000 00000000
[   68996.865890] /dev/input/event2: 0003 0035 000001d6
[   68996.865890] /dev/input/event2: 0003 0036 00000511
[   68996.865890] /dev/input/event2: 0003 003a 00000036
[   68996.865890] /dev/input/event2: 0000 0000 00000000
[   68996.875226] /dev/input/event2: 0003 0035 000001d5
[   68996.875226] /dev/input/event2: 0003 0036 000004fa
[   68996.875226] /dev/input/event2: 0003 003a 0000003c
[   68996.875226] /dev/input/event2: 0000 0000 00000000
[   68996.883778] /dev/input/event2: 0003 0036 000004e6
[   68996.883778] /dev/input/event2: 0000 0000 00000000
[   68996.892321] /dev/input/event2: 0003 0035 000001d7
[   68996.892321] /dev/input/event2: 0003 0036 000004d6
[   68996.892321] /dev/input/event2: 0000 0000 00000000
[   68996.900711] /dev/input/event2: 0003 0035 000001da
[   68996.900711] /dev/input/event2: 0003 0036 000004c8
[   68996.900711] /dev/input/event2: 0003 003a 0000003b
[   68996.900711] /dev/input/event2: 0000 0000 00000000
[   68996.909115] /dev/input/event2: 0003 0035 000001df
[   68996.909115] /dev/input/event2: 0003 0036 000004bd
[   68996.909115] /dev/input/event2: 0000 0000 00000000
[   68996.917635] /dev/input/event2: 0003 0035 000001e5
[   68996.917635] /dev/input/event2: 0003 0036 000004b5
[   68996.917635] /dev/input/event2: 0000 0000 00000000
[   68996.926211] /dev/input/event2: 0003 0035 000001ed
[   68996.926211] /dev/input/event2: 0003 0036 000004ae
[   68996.926211] /dev/input/event2: 0000 0000 00000000
[   68996.933843] /dev/input/event2: 0003 0035 000001fb
[   68996.933843] /dev/input/event2: 0003 0036 000004a8
[   68996.933843] /dev/input/event2: 0003 003a 00000035
[   68996.933843] /dev/input/event2: 0000 0000 00000000
[   68996.942187] /dev/input/event2: 0003 0035 00000210
[   68996.942187] /dev/input/event2: 0003 0036 000004a6
[   68996.942187] /dev/input/event2: 0000 0000 00000000
[   68996.950723] /dev/input/event2: 0003 0035 0000022a
[   68996.950723] /dev/input/event2: 0003 0036 000004ab
[   68996.950723] /dev/input/event2: 0003 003a 00000036
[   68996.950723] /dev/input/event2: 0000 0000 00000000
[   68996.959240] /dev/input/event2: 0003 0035 0000024a
[   68996.959240] /dev/input/event2: 0003 0036 000004b7
[   68996.959240] /dev/input/event2: 0003 003a 00000035
[   68996.959240] /dev/input/event2: 0000 0000 00000000
[   68996.967733] /dev/input/event2: 0003 0035 00000269
[   68996.967733] /dev/input/event2: 0003 0036 000004ca
[   68996.967733] /dev/input/event2: 0003 003a 00000036
[   68996.967733] /dev/input/event2: 0000 0000 00000000
[   68996.976187] /dev/input/event2: 0003 0035 0000028b
[   68996.976187] /dev/input/event2: 0003 0036 000004e3
[   68996.976187] /dev/input/event2: 0000 0000 00000000
[   68996.984655] /dev/input/event2: 0003 0035 000002a9
[   68996.984655] /dev/input/event2: 0003 0036 000004ff
[   68996.984655] /dev/input/event2: 0003 003a 00000037
[   68996.984655] /dev/input/event2: 0000 0000 00000000
[   68996.993171] /dev/input/event2: 0003 0035 000002cb
[   68996.993171] /dev/input/event2: 0003 0036 00000520
[   68996.993171] /dev/input/event2: 0003 003a 00000038
[   68996.993171] /dev/input/event2: 0000 0000 00000000
[   68997.001566] /dev/input/event2: 0003 0035 000002ea
[   68997.001566] /dev/input/event2: 0003 0036 00000545
[   68997.001566] /dev/input/event2: 0000 0000 00000000
[   68997.010105] /dev/input/event2: 0003 0035 00000308
[   68997.010105] /dev/input/event2: 0003 0036 0000056c
[   68997.010105] /dev/input/event2: 0000 0000 00000000
[   68997.018766] /dev/input/event2: 0003 0035 00000322
[   68997.018766] /dev/input/event2: 0003 0036 00000592
[   68997.018766] /dev/input/event2: 0000 0000 00000000
[   68997.027211] /dev/input/event2: 0003 0035 00000336
[   68997.027211] /dev/input/event2: 0003 0036 000005b3
[   68997.027211] /dev/input/event2: 0003 003a 00000039
[   68997.027211] /dev/input/event2: 0000 0000 00000000
[   68997.035628] /dev/input/event2: 0003 0035 00000346
[   68997.035628] /dev/input/event2: 0003 0036 000005d3
[   68997.035628] /dev/input/event2: 0000 0000 00000000
[   68997.044268] /dev/input/event2: 0003 0035 00000351
[   68997.044268] /dev/input/event2: 0003 0036 000005ee
[   68997.044268] /dev/input/event2: 0003 003a 0000003a
[   68997.044268] /dev/input/event2: 0000 0000 00000000
[   68997.052635] /dev/input/event2: 0003 0035 00000359
[   68997.052635] /dev/input/event2: 0003 0036 00000608
[   68997.052635] /dev/input/event2: 0000 0000 00000000
[   68997.061837] /dev/input/event2: 0003 0035 0000035e
[   68997.061837] /dev/input/event2: 0003 0036 0000061d
[   68997.061837] /dev/input/event2: 0003 003a 00000043
[   68997.061837] /dev/input/event2: 0000 0000 00000000
[   68997.070377] /dev/input/event2: 0003 0035 00000361
[   68997.070377] /dev/input/event2: 0003 0036 00000631
[   68997.070377] /dev/input/event2: 0003 003a 00000042
[   68997.070377] /dev/input/event2: 0000 0000 00000000
[   68997.078774] /dev/input/event2: 0003 0036 00000640
[   68997.078774] /dev/input/event2: 0000 0000 00000000
[   68997.087218] /dev/input/event2: 0003 0035 00000360
[   68997.087218] /dev/input/event2: 0003 0036 0000064a
[   68997.087218] /dev/input/event2: 0000 0000 00000000
[   68997.095589] /dev/input/event2: 0003 0035 0000035d
[   68997.095589] /dev/input/event2: 0003 0036 00000652
[   68997.095589] /dev/input/event2: 0003 003a 00000041
[   68997.095589] /dev/input/event2: 0000 0000 00000000
[   68997.104131] /dev/input/event2: 0003 0035 00000359
[   68997.104131] /dev/input/event2: 0003 0036 00000657
[   68997.104131] /dev/input/event2: 0000 0000 00000000
[   68997.112638] /dev/input/event2: 0003 0035 00000354
[   68997.112638] /dev/input/event2: 0003 0036 0000065a
[   68997.112638] /dev/input/event2: 0000 0000 00000000
[   68997.121139] /dev/input/event2: 0003 0035 0000034d
[   68997.121139] /dev/input/event2: 0003 0036 0000065b
[   68997.121139] /dev/input/event2: 0003 003a 00000040
[   68997.121139] /dev/input/event2: 0000 0000 00000000
[   68997.129549] /dev/input/event2: 0003 0035 00000342
[   68997.129549] /dev/input/event2: 0003 0036 00000659
[   68997.129549] /dev/input/event2: 0003 003a 0000003e
[   68997.129549] /dev/input/event2: 0000 0000 00000000
[   68997.137479] /dev/input/event2: 0003 0035 00000332
[   68997.137479] /dev/input/event2: 0003 0036 00000650
[   68997.137479] /dev/input/event2: 0003 003a 00000038
[   68997.137479] /dev/input/event2: 0000 0000 00000000
[   68997.145912] /dev/input/event2: 0003 0035 00000321
[   68997.145912] /dev/input/event2: 0003 0036 00000641
[   68997.145912] /dev/input/event2: 0003 0031 00000003
[   68997.145912] /dev/input/event2: 0003 003a 00000037
[   68997.145912] /dev/input/event2: 0000 0000 00000000
[   68997.154237] /dev/input/event2: 0003 0035 0000030d
[   68997.154237] /dev/input/event2: 0003 0036 00000629
[   68997.154237] /dev/input/event2: 0003 0031 00000004
[   68997.154237] /dev/input/event2: 0000 0000 00000000
[   68997.162852] /dev/input/event2: 0003 0035 000002f5
[   68997.162852] /dev/input/event2: 0003 0036 00000606
[   68997.162852] /dev/input/event2: 0003 003a 00000038
[   68997.162852] /dev/input/event2: 0000 0000 00000000
[   68997.171223] /dev/input/event2: 0003 0035 000002df
[   68997.171223] /dev/input/event2: 0003 0036 000005e4
[   68997.171223] /dev/input/event2: 0003 003a 00000037
[   68997.171223] /dev/input/event2: 0000 0000 00000000
[   68997.179760] /dev/input/event2: 0003 0035 000002cb
[   68997.179760] /dev/input/event2: 0003 0036 000005c0
[   68997.179760] /dev/input/event2: 0000 0000 00000000
[   68997.188270] /dev/input/event2: 0003 0035 000002bb
[   68997.188270] /dev/input/event2: 0003 0036 000005a1
[   68997.188270] /dev/input/event2: 0000 0000 00000000
[   68997.196664] /dev/input/event2: 0003 0035 000002ad
[   68997.196664] /dev/input/event2: 0003 0036 00000586
[   68997.196664] /dev/input/event2: 0000 0000 00000000
[   68997.205261] /dev/input/event2: 0003 0035 000002a1
[   68997.205261] /dev/input/event2: 0003 0036 0000056f
[   68997.205261] /dev/input/event2: 0000 0000 00000000
[   68997.214275] /dev/input/event2: 0003 0035 00000298
[   68997.214275] /dev/input/event2: 0003 0036 0000055d
[   68997.214275] /dev/input/event2: 0003 003a 0000003d
[   68997.214275] /dev/input/event2: 0000 0000 00000000
[   68997.222960] /dev/input/event2: 0003 0035 00000292
[   68997.222960] /dev/input/event2: 0003 0036 00000550
[   68997.222960] /dev/input/event2: 0000 0000 00000000
[   68997.231335] /dev/input/event2: 0003 0035 0000028e
[   68997.231335] /dev/input/event2: 0003 0036 00000546
[   68997.231335] /dev/input/event2: 0000 0000 00000000
[   68997.239722] /dev/input/event2: 0003 0035 0000028b
[   68997.239722] /dev/input/event2: 0003 0036 0000053e
[   68997.239722] /dev/input/event2: 0000 0000 00000000
[   68997.248178] /dev/input/event2: 0003 0035 0000028a
[   68997.248178] /dev/input/event2: 0003 0036 00000538
[   68997.248178] /dev/input/event2: 0000 0000 00000000
[   68997.256778] /dev/input/event2: 0003 0036 00000533
[   68997.256778] /dev/input/event2: 0000 0000 00000000
[   68997.265159] /dev/input/event2: 0003 0035 0000028b
[   68997.265159] /dev/input/event2: 0003 0036 0000052f
[   68997.265159] /dev/input/event2: 0000 0000 00000000
[   68997.273841] /dev/input/event2: 0003 0035 0000028c
[   68997.273841] /dev/input/event2: 0003 0036 0000052d
[   68997.273841] /dev/input/event2: 0000 0000 00000000
[   68997.282183] /dev/input/event2: 0003 0035 00000291
[   68997.282183] /dev/input/event2: 0003 0036 0000052b
[   68997.282183] /dev/input/event2: 0003 003a 0000003c
[   68997.282183] /dev/input/event2: 0000 0000 00000000
[   68997.290089] /dev/input/event2: 0003 0035 000002a0
[   68997.290089] /dev/input/event2: 0003 0036 0000052f
[   68997.290089] /dev/input/event2: 0003 003a 00000037
[   68997.290089] /dev/input/event2: 0000 0000 00000000
[   68997.298440] /dev/input/event2: 0003 0035 000002b3
[   68997.298440] /dev/input/event2: 0003 0036 00000539
[   68997.298440] /dev/input/event2: 0000 0000 00000000
[   68997.306940] /dev/input/event2: 0003 0035 000002cf
[   68997.306940] /dev/input/event2: 0003 0036 0000054c
[   68997.306940] /dev/input/event2: 0003 003a 00000038
[   68997.306940] /dev/input/event2: 0000 0000 00000000
[   68997.315402] /dev/input/event2: 0003 0035 000002eb
[   68997.315402] /dev/input/event2: 0003 0036 00000565
[   68997.315402] /dev/input/event2: 0000 0000 00000000
[   68997.323921] /dev/input/event2: 0003 0035 00000309
[   68997.323921] /dev/input/event2: 0003 0036 00000585
[   68997.323921] /dev/input/event2: 0003 003a 00000039
[   68997.323921] /dev/input/event2: 0000 0000 00000000
[   68997.332394] /dev/input/event2: 0003 0035 00000329
[   68997.332394] /dev/input/event2: 0003 0036 000005ac
[   68997.332394] /dev/input/event2: 0000 0000 00000000
[   68997.340957] /dev/input/event2: 0003 0035 00000345
[   68997.340957] /dev/input/event2: 0003 0036 000005d7
[   68997.340957] /dev/input/event2: 0000 0000 00000000
[   68997.349393] /dev/input/event2: 0003 0035 0000035a
[   68997.349393] /dev/input/event2: 0003 0036 000005fe
[   68997.349393] /dev/input/event2: 0003 003a 0000003b
[   68997.349393] /dev/input/event2: 0000 0000 00000000
[   68997.357923] /dev/input/event2: 0003 0035 0000036c
[   68997.357923] /dev/input/event2: 0003 0036 00000621
[   68997.357923] /dev/input/event2: 0000 0000 00000000
[   68997.366404] /dev/input/event2: 0003 0035 00000378
[   68997.366404] /dev/input/event2: 0003 0036 0000063c
[   68997.366404] /dev/input/event2: 0000 0000 00000000
[   68997.374813] /dev/input/event2: 0003 0035 00000380
[   68997.374813] /dev/input/event2: 0003 0036 00000656
[   68997.374813] /dev/input/event2: 0000 0000 00000000
[   68997.383960] /dev/input/event2: 0003 0035 00000385
[   68997.383960] /dev/input/event2: 0003 0036 0000066a
[   68997.383960] /dev/input/event2: 0003 003a 00000043
[   68997.383960] /dev/input/event2: 0000 0000 00000000
[   68997.392368] /dev/input/event2: 0003 0035 00000387
[   68997.392368] /dev/input/event2: 0003 0036 00000679
[   68997.392368] /dev/input/event2: 0003 003a 00000042
[   68997.392368] /dev/input/event2: 0000 0000 00000000
[   68997.400903] /dev/input/event2: 0003 0036 00000683
[   68997.400903] /dev/input/event2: 0000 0000 00000000
[   68997.409349] /dev/input/event2: 0003 0035 00000385
[   68997.409349] /dev/input/event2: 0003 0036 0000068a
[   68997.409349] /dev/input/event2: 0000 0000 00000000
[   68997.418022] /dev/input/event2: 0003 0035 00000383
[   68997.418022] /dev/input/event2: 0003 0036 0000068e
[   68997.418022] /dev/input/event2: 0000 0000 00000000
[   68997.426490] /dev/input/event2: 0003 0035 00000380
[   68997.426490] /dev/input/event2: 0003 0036 0000068f
[   68997.426490] /dev/input/event2: 0000 0000 00000000
[   68997.434989] /dev/input/event2: 0003 0035 0000037a
[   68997.434989] /dev/input/event2: 0003 0036 0000068e
[   68997.434989] /dev/input/event2: 0003 003a 00000041
[   68997.434989] /dev/input/event2: 0000 0000 00000000
[   68997.443805] /dev/input/event2: 0003 0035 0000036e
[   68997.443805] /dev/input/event2: 0003 0036 00000687
[   68997.443805] /dev/input/event2: 0003 003a 0000003e
[   68997.443805] /dev/input/event2: 0000 0000 00000000
[   68997.451247] /dev/input/event2: 0003 0035 0000035c
[   68997.451247] /dev/input/event2: 0003 0036 00000675
[   68997.451247] /dev/input/event2: 0003 003a 00000039
[   68997.451247] /dev/input/event2: 0000 0000 00000000
[   68997.459654] /dev/input/event2: 0003 0035 00000342
[   68997.459654] /dev/input/event2: 0003 0036 00000654
[   68997.459654] /dev/input/event2: 0000 0000 00000000
[   68997.468029] /dev/input/event2: 0003 0035 00000322
[   68997.468029] /dev/input/event2: 0003 0036 0000062a
[   68997.468029] /dev/input/event2: 0003 003a 00000038
[   68997.468029] /dev/input/event2: 0000 0000 00000000
[   68997.476643] /dev/input/event2: 0003 0035 00000304
[   68997.476643] /dev/input/event2: 0003 0036 000005fc
[   68997.476643] /dev/input/event2: 0000 0000 00000000
[   68997.485008] /dev/input/event2: 0003 0035 000002ea
[   68997.485008] /dev/input/event2: 0003 0036 000005d7
[   68997.485008] /dev/input/event2: 0003 003a 00000037
[   68997.485008] /dev/input/event2: 0000 0000 00000000
[   68997.493554] /dev/input/event2: 0003 0035 000002d2
[   68997.493554] /dev/input/event2: 0003 0036 000005b3
[   68997.493554] /dev/input/event2: 0000 0000 00000000
[   68997.501947] /dev/input/event2: 0003 0035 000002c0
[   68997.501947] /dev/input/event2: 0003 0036 00000593
[   68997.501947] /dev/input/event2: 0000 0000 00000000
[   68997.510498] /dev/input/event2: 0003 0035 000002b0
[   68997.510498] /dev/input/event2: 0003 0036 00000575
[   68997.510498] /dev/input/event2: 0000 0000 00000000
[   68997.518922] /dev/input/event2: 0003 0035 000002a4
[   68997.518922] /dev/input/event2: 0003 0036 0000055c
[   68997.518922] /dev/input/event2: 0000 0000 00000000
[   68997.527417] /dev/input/event2: 0003 0035 0000029c
[   68997.527417] /dev/input/event2: 0003 0036 0000054a
[   68997.527417] /dev/input/event2: 0000 0000 00000000
[   68997.536590] /dev/input/event2: 0003 0035 00000297
[   68997.536590] /dev/input/event2: 0003 0036 0000053e
[   68997.536590] /dev/input/event2: 0003 003a 0000003d
[   68997.536590] /dev/input/event2: 0000 0000 00000000
[   68997.545075] /dev/input/event2: 0003 0035 00000295
[   68997.545075] /dev/input/event2: 0003 0036 00000535
[   68997.545075] /dev/input/event2: 0000 0000 00000000
[   68997.553703] /dev/input/event2: 0003 0036 0000052f
[   68997.553703] /dev/input/event2: 0000 0000 00000000
[   68997.562134] /dev/input/event2: 0003 0035 00000296
[   68997.562134] /dev/input/event2: 0003 0036 0000052b
[   68997.562134] /dev/input/event2: 0003 003a 0000003c
[   68997.562134] /dev/input/event2: 0000 0000 00000000
[   68997.570537] /dev/input/event2: 0003 0035 0000029a
[   68997.570537] /dev/input/event2: 0003 0036 00000529
[   68997.570537] /dev/input/event2: 0000 0000 00000000
[   68997.578284] /dev/input/event2: 0003 0035 000002a8
[   68997.578284] /dev/input/event2: 0003 0036 0000052a
[   68997.578284] /dev/input/event2: 0003 003a 00000037
[   68997.578284] /dev/input/event2: 0000 0000 00000000
[   68997.586777] /dev/input/event2: 0003 0035 000002bd
[   68997.586777] /dev/input/event2: 0003 0036 00000534
[   68997.586777] /dev/input/event2: 0000 0000 00000000
[   68997.595268] /dev/input/event2: 0003 0035 000002dd
[   68997.595268] /dev/input/event2: 0003 0036 00000549
[   68997.595268] /dev/input/event2: 0003 003a 00000038
[   68997.595268] /dev/input/event2: 0000 0000 00000000
[   68997.603779] /dev/input/event2: 0003 0035 000002fb
[   68997.603779] /dev/input/event2: 0003 0036 00000561
[   68997.603779] /dev/input/event2: 0000 0000 00000000
[   68997.612196] /dev/input/event2: 0003 0035 00000317
[   68997.612196] /dev/input/event2: 0003 0036 0000057c
[   68997.612196] /dev/input/event2: 0003 003a 00000039
[   68997.612196] /dev/input/event2: 0000 0000 00000000
[   68997.620909] /dev/input/event2: 0003 0035 00000337
[   68997.620909] /dev/input/event2: 0003 0036 000005a2
[   68997.620909] /dev/input/event2: 0000 0000 00000000
[   68997.629272] /dev/input/event2: 0003 0035 00000350
[   68997.629272] /dev/input/event2: 0003 0036 000005c9
[   68997.629272] /dev/input/event2: 0003 003a 0000003a
[   68997.629272] /dev/input/event2: 0000 0000 00000000
[   68997.637807] /dev/input/event2: 0003 0035 00000368
[   68997.637807] /dev/input/event2: 0003 0036 000005f9
[   68997.637807] /dev/input/event2: 0000 0000 00000000
[   68997.646301] /dev/input/event2: 0003 0035 0000037a
[   68997.646301] /dev/input/event2: 0003 0036 0000061f
[   68997.646301] /dev/input/event2: 0003 003a 0000003b
[   68997.646301] /dev/input/event2: 0000 0000 00000000
[   68997.654702] /dev/input/event2: 0003 0035 0000038a
[   68997.654702] /dev/input/event2: 0003 0036 00000645
[   68997.654702] /dev/input/event2: 0000 0000 00000000
[   68997.664043] /dev/input/event2: 0003 0035 00000394
[   68997.664043] /dev/input/event2: 0003 0036 00000662
[   68997.664043] /dev/input/event2: 0003 003a 00000042
[   68997.664043] /dev/input/event2: 0000 0000 00000000
[   68997.672388] /dev/input/event2: 0003 0035 0000039b
[   68997.672388] /dev/input/event2: 0003 0036 0000067e
[   68997.672388] /dev/input/event2: 0003 003a 00000043
[   68997.672388] /dev/input/event2: 0000 0000 00000000
[   68997.680150] /dev/input/event2: 0003 0035 0000039f
[   68997.680150] /dev/input/event2: 0003 0036 00000697
[   68997.680150] /dev/input/event2: 0003 003a 0000003a
[   68997.680150] /dev/input/event2: 0000 0000 00000000
[   68997.688668] /dev/input/event2: 0003 0035 000003a1
[   68997.688668] /dev/input/event2: 0003 0036 000006ad
[   68997.688668] /dev/input/event2: 0003 003a 00000039
[   68997.688668] /dev/input/event2: 0000 0000 00000000
[   68997.698019] /dev/input/event2: 0003 0036 000006bd
[   68997.698019] /dev/input/event2: 0003 003a 00000041
[   68997.698019] /dev/input/event2: 0000 0000 00000000
[   68997.706338] /dev/input/event2: 0003 0035 000003a0
[   68997.706338] /dev/input/event2: 0003 0036 000006c8
[   68997.706338] /dev/input/event2: 0000 0000 00000000
[   68997.714721] /dev/input/event2: 0003 0035 0000039e
[   68997.714721] /dev/input/event2: 0003 0036 000006cf
[   68997.714721] /dev/input/event2: 0000 0000 00000000
[   68997.723423] /dev/input/event2: 0003 0035 0000039b
[   68997.723423] /dev/input/event2: 0003 0036 000006d3
[   68997.723423] /dev/input/event2: 0000 0000 00000000
[   68997.731719] /dev/input/event2: 0003 0035 00000396
[   68997.731719] /dev/input/event2: 0003 0036 000006d6
[   68997.731719] /dev/input/event2: 0000 0000 00000000
[   68997.740347] /dev/input/event2: 0003 0035 0000038d
[   68997.740347] /dev/input/event2: 0003 0036 000006d7
[   68997.740347] /dev/input/event2: 0000 0000 00000000
[   68997.748815] /dev/input/event2: 0003 0035 0000037e
[   68997.748815] /dev/input/event2: 0003 0036 000006d2
[   68997.748815] /dev/input/event2: 0000 0000 00000000
[   68997.756526] /dev/input/event2: 0003 0035 00000360
[   68997.756526] /dev/input/event2: 0003 0036 000006c3
[   68997.756526] /dev/input/event2: 0003 003a 00000039
[   68997.756526] /dev/input/event2: 0000 0000 00000000
[   68997.765070] /dev/input/event2: 0003 0035 00000343
[   68997.765070] /dev/input/event2: 0003 0036 000006a7
[   68997.765070] /dev/input/event2: 0003 003a 00000038
[   68997.765070] /dev/input/event2: 0000 0000 00000000
[   68997.773593] /dev/input/event2: 0003 0035 00000316
[   68997.773593] /dev/input/event2: 0003 0036 00000679
[   68997.773593] /dev/input/event2: 0003 0031 00000003
[   68997.773593] /dev/input/event2: 0003 003a 00000037
[   68997.773593] /dev/input/event2: 0000 0000 00000000
[   68997.781872] /dev/input/event2: 0003 0035 000002e7
[   68997.781872] /dev/input/event2: 0003 0036 0000063c
[   68997.781872] /dev/input/event2: 0003 0031 00000004
[   68997.781872] /dev/input/event2: 0003 003a 00000038
[   68997.781872] /dev/input/event2: 0000 0000 00000000
[   68997.790377] /dev/input/event2: 0003 0035 000002b5
[   68997.790377] /dev/input/event2: 0003 0036 000005fd
[   68997.790377] /dev/input/event2: 0003 003a 00000037
[   68997.790377] /dev/input/event2: 0000 0000 00000000
[   68997.798899] /dev/input/event2: 0003 0035 00000279
[   68997.798899] /dev/input/event2: 0003 0036 000005b6
[   68997.798899] /dev/input/event2: 0003 003a 00000036
[   68997.798899] /dev/input/event2: 0000 0000 00000000
[   68997.807320] /dev/input/event2: 0003 0035 0000023e
[   68997.807320] /dev/input/event2: 0003 0036 00000567
[   68997.807320] /dev/input/event2: 0000 0000 00000000
[   68997.815760] /dev/input/event2: 0003 0035 00000207
[   68997.815760] /dev/input/event2: 0003 0036 00000516
[   68997.815760] /dev/input/event2: 0003 003a 00000037
[   68997.815760] /dev/input/event2: 0000 0000 00000000
[   68997.824231] /dev/input/event2: 0003 0035 000001cf
[   68997.824231] /dev/input/event2: 0003 0036 000004c8
[   68997.824231] /dev/input/event2: 0003 003a 00000036
[   68997.824231] /dev/input/event2: 0000 0000 00000000
[   68997.832780] /dev/input/event2: 0003 0035 00000198
[   68997.832780] /dev/input/event2: 0003 0036 0000047b
[   68997.832780] /dev/input/event2: 0003 003a 00000034
[   68997.832780] /dev/input/event2: 0000 0000 00000000
[   68997.841270] /dev/input/event2: 0003 0035 00000160
[   68997.841270] /dev/input/event2: 0003 0036 0000042c
[   68997.841270] /dev/input/event2: 0000 0000 00000000
[   68997.849765] /dev/input/event2: 0003 0035 0000012b
[   68997.849765] /dev/input/event2: 0003 0036 000003eb
[   68997.849765] /dev/input/event2: 0003 003a 00000035
[   68997.849765] /dev/input/event2: 0000 0000 00000000
[   68997.858260] /dev/input/event2: 0003 0035 000000f4
[   68997.858260] /dev/input/event2: 0003 0036 000003a8
[   68997.858260] /dev/input/event2: 0003 0031 00000003
[   68997.858260] /dev/input/event2: 0003 003a 00000031
[   68997.858260] /dev/input/event2: 0000 0000 00000000
[   68997.866514] /dev/input/event2: 0003 0039 ffffffff
[   68997.866514] /dev/input/event2: 0000 0000 00000000
