[    8914.552534] /dev/input/event4: 0001 0073 00000001
[    8914.552534] /dev/input/event4: 0000 0000 00000000
[    8914.752499] /dev/input/event4: 0001 0073 00000000
[    8914.752499] /dev/input/event4: 0000 0000 00000000
[    8937.514236] /dev/input/event2: 0003 0039 00000175
[    8937.514236] /dev/input/event2: 0003 0035 00000240
[    8937.514236] /dev/input/event2: 0003 0036 00000634
[    8937.514236] /dev/input/event2: 0003 003a 00000034
[    8937.514236] /dev/input/event2: 0000 0000 00000000
[    8937.523272] /dev/input/event2: 0003 0035 0000024e
[    8937.523272] /dev/input/event2: 0003 0036 00000629
[    8937.523272] /dev/input/event2: 0003 003a 0000003b
[    8937.523272] /dev/input/event2: 0000 0000 00000000
[    8937.531596] /dev/input/event2: 0003 0036 00000628
[    8937.531596] /dev/input/event2: 0003 0031 00000003
[    8937.531596] /dev/input/event2: 0003 003a 0000003d
[    8937.531596] /dev/input/event2: 0000 0000 00000000
[    8937.540128] /dev/input/event2: 0003 0036 00000625
[    8937.540128] /dev/input/event2: 0003 0031 00000004
[    8937.540128] /dev/input/event2: 0000 0000 00000000
[    8937.548589] /dev/input/event2: 0003 0035 0000024f
[    8937.548589] /dev/input/event2: 0003 0036 0000061b
[    8937.548589] /dev/input/event2: 0003 003a 0000003c
[    8937.548589] /dev/input/event2: 0000 0000 00000000
[    8937.556251] /dev/input/event2: 0003 0035 00000251
[    8937.556251] /dev/input/event2: 0003 0036 00000604
[    8937.556251] /dev/input/event2: 0003 003a 00000035
[    8937.556251] /dev/input/event2: 0000 0000 00000000
[    8937.564867] /dev/input/event2: 0003 0035 00000252
[    8937.564867] /dev/input/event2: 0003 0036 000005e6
[    8937.564867] /dev/input/event2: 0003 0031 00000003
[    8937.564867] /dev/input/event2: 0000 0000 00000000
[    8937.573125] /dev/input/event2: 0003 0035 00000254
[    8937.573125] /dev/input/event2: 0003 0036 000005c3
[    8937.573125] /dev/input/event2: 0003 0031 00000004
[    8937.573125] /dev/input/event2: 0000 0000 00000000
[    8937.581609] /dev/input/event2: 0003 0035 00000256
[    8937.581609] /dev/input/event2: 0003 0036 000005a6
[    8937.581609] /dev/input/event2: 0000 0000 00000000
[    8937.590079] /dev/input/event2: 0003 0035 00000259
[    8937.590079] /dev/input/event2: 0003 0036 0000058b
[    8937.590079] /dev/input/event2: 0000 0000 00000000
[    8937.599269] /dev/input/event2: 0003 0035 0000025e
[    8937.599269] /dev/input/event2: 0003 0036 00000574
[    8937.599269] /dev/input/event2: 0003 003a 0000003b
[    8937.599269] /dev/input/event2: 0000 0000 00000000
[    8937.607645] /dev/input/event2: 0003 0035 00000265
[    8937.607645] /dev/input/event2: 0003 0036 00000561
[    8937.607645] /dev/input/event2: 0000 0000 00000000
[    8937.616250] /dev/input/event2: 0003 0035 0000026e
[    8937.616250] /dev/input/event2: 0003 0036 00000552
[    8937.616250] /dev/input/event2: 0000 0000 00000000
[    8937.624019] /dev/input/event2: 0003 0035 0000027a
[    8937.624019] /dev/input/event2: 0003 0036 00000547
[    8937.624019] /dev/input/event2: 0003 003a 00000035
[    8937.624019] /dev/input/event2: 0000 0000 00000000
[    8937.632386] /dev/input/event2: 0003 0035 00000292
[    8937.632386] /dev/input/event2: 0003 0036 0000053e
[    8937.632386] /dev/input/event2: 0003 003a 00000036
[    8937.632386] /dev/input/event2: 0000 0000 00000000
[    8937.640785] /dev/input/event2: 0003 0035 000002b7
[    8937.640785] /dev/input/event2: 0003 0036 0000053f
[    8937.640785] /dev/input/event2: 0003 003a 00000037
[    8937.640785] /dev/input/event2: 0000 0000 00000000
[    8937.649272] /dev/input/event2: 0003 0035 000002e2
[    8937.649272] /dev/input/event2: 0003 0036 0000054a
[    8937.649272] /dev/input/event2: 0003 003a 00000038
[    8937.649272] /dev/input/event2: 0000 0000 00000000
[    8937.657717] /dev/input/event2: 0003 0035 0000030f
[    8937.657717] /dev/input/event2: 0003 0036 00000560
[    8937.657717] /dev/input/event2: 0000 0000 00000000
[    8937.666187] /dev/input/event2: 0003 0035 0000033c
[    8937.666187] /dev/input/event2: 0003 0036 0000057b
[    8937.666187] /dev/input/event2: 0000 0000 00000000
[    8937.674685] /dev/input/event2: 0003 0035 0000035f
[    8937.674685] /dev/input/event2: 0003 0036 00000597
[    8937.674685] /dev/input/event2: 0003 003a 00000039
[    8937.674685] /dev/input/event2: 0000 0000 00000000
[    8937.683048] /dev/input/event2: 0003 0035 0000037b
[    8937.683048] /dev/input/event2: 0003 0036 000005b2
[    8937.683048] /dev/input/event2: 0003 003a 0000003a
[    8937.683048] /dev/input/event2: 0000 0000 00000000
[    8937.691643] /dev/input/event2: 0003 0035 00000392
[    8937.691643] /dev/input/event2: 0003 0036 000005cc
[    8937.691643] /dev/input/event2: 0003 003a 00000039
[    8937.691643] /dev/input/event2: 0000 0000 00000000
[    8937.700078] /dev/input/event2: 0003 0035 000003a2
[    8937.700078] /dev/input/event2: 0003 0036 000005e1
[    8937.700078] /dev/input/event2: 0003 003a 0000003a
[    8937.700078] /dev/input/event2: 0000 0000 00000000
[    8937.709281] /dev/input/event2: 0003 0035 000003ab
[    8937.709281] /dev/input/event2: 0003 0036 000005f2
[    8937.709281] /dev/input/event2: 0003 003a 00000040
[    8937.709281] /dev/input/event2: 0000 0000 00000000
[    8937.717700] /dev/input/event2: 0003 0035 000003af
[    8937.717700] /dev/input/event2: 0003 0036 00000600
[    8937.717700] /dev/input/event2: 0000 0000 00000000
[    8937.726277] /dev/input/event2: 0003 0036 00000609
[    8937.726277] /dev/input/event2: 0000 0000 00000000
[    8937.734605] /dev/input/event2: 0003 0035 000003ab
[    8937.734605] /dev/input/event2: 0003 0036 0000060f
[    8937.734605] /dev/input/event2: 0000 0000 00000000
[    8937.742439] /dev/input/event2: 0003 0035 000003a3
[    8937.742439] /dev/input/event2: 0003 0036 00000614
[    8937.742439] /dev/input/event2: 0003 003a 00000038
[    8937.742439] /dev/input/event2: 0000 0000 00000000
[    8937.750750] /dev/input/event2: 0003 0035 00000393
[    8937.750750] /dev/input/event2: 0003 0036 00000617
[    8937.750750] /dev/input/event2: 0000 0000 00000000
[    8937.759538] /dev/input/event2: 0003 0035 0000037a
[    8937.759538] /dev/input/event2: 0003 0036 00000615
[    8937.759538] /dev/input/event2: 0000 0000 00000000
[    8937.767770] /dev/input/event2: 0003 0035 0000035f
[    8937.767770] /dev/input/event2: 0003 0036 0000060d
[    8937.767770] /dev/input/event2: 0000 0000 00000000
[    8937.776305] /dev/input/event2: 0003 0035 00000342
[    8937.776305] /dev/input/event2: 0003 0036 00000601
[    8937.776305] /dev/input/event2: 0003 003a 00000037
[    8937.776305] /dev/input/event2: 0000 0000 00000000
[    8937.784629] /dev/input/event2: 0003 0035 00000329
[    8937.784629] /dev/input/event2: 0003 0036 000005f2
[    8937.784629] /dev/input/event2: 0000 0000 00000000
[    8937.793095] /dev/input/event2: 0003 0035 00000311
[    8937.793095] /dev/input/event2: 0003 0036 000005e0
[    8937.793095] /dev/input/event2: 0000 0000 00000000
[    8937.801637] /dev/input/event2: 0003 0035 000002fc
[    8937.801637] /dev/input/event2: 0003 0036 000005ce
[    8937.801637] /dev/input/event2: 0003 003a 00000036
[    8937.801637] /dev/input/event2: 0000 0000 00000000
[    8937.810064] /dev/input/event2: 0003 0035 000002ea
[    8937.810064] /dev/input/event2: 0003 0036 000005b9
[    8937.810064] /dev/input/event2: 0000 0000 00000000
[    8937.818481] /dev/input/event2: 0003 0035 000002da
[    8937.818481] /dev/input/event2: 0003 0036 000005a2
[    8937.818481] /dev/input/event2: 0000 0000 00000000
[    8937.826952] /dev/input/event2: 0003 0035 000002ce
[    8937.826952] /dev/input/event2: 0003 0036 0000058a
[    8937.826952] /dev/input/event2: 0000 0000 00000000
[    8937.835372] /dev/input/event2: 0003 0035 000002c7
[    8937.835372] /dev/input/event2: 0003 0036 00000576
[    8937.835372] /dev/input/event2: 0000 0000 00000000
[    8937.844658] /dev/input/event2: 0003 0035 000002c4
[    8937.844658] /dev/input/event2: 0003 0036 00000566
[    8937.844658] /dev/input/event2: 0003 003a 0000003d
[    8937.844658] /dev/input/event2: 0000 0000 00000000
[    8937.853024] /dev/input/event2: 0003 0035 000002c5
[    8937.853024] /dev/input/event2: 0003 0036 0000055a
[    8937.853024] /dev/input/event2: 0000 0000 00000000
[    8937.861627] /dev/input/event2: 0003 0035 000002c8
[    8937.861627] /dev/input/event2: 0003 0036 00000552
[    8937.861627] /dev/input/event2: 0003 003a 0000003e
[    8937.861627] /dev/input/event2: 0000 0000 00000000
[    8937.870244] /dev/input/event2: 0003 0035 000002cc
[    8937.870244] /dev/input/event2: 0003 0036 0000054e
[    8937.870244] /dev/input/event2: 0000 0000 00000000
[    8937.877768] /dev/input/event2: 0003 0035 000002d9
[    8937.877768] /dev/input/event2: 0003 0036 0000054d
[    8937.877768] /dev/input/event2: 0003 003a 00000038
[    8937.877768] /dev/input/event2: 0000 0000 00000000
[    8937.886200] /dev/input/event2: 0003 0035 000002ec
[    8937.886200] /dev/input/event2: 0003 0036 00000554
[    8937.886200] /dev/input/event2: 0000 0000 00000000
[    8937.894677] /dev/input/event2: 0003 0035 0000030a
[    8937.894677] /dev/input/event2: 0003 0036 0000056a
[    8937.894677] /dev/input/event2: 0000 0000 00000000
[    8937.903073] /dev/input/event2: 0003 0035 00000329
[    8937.903073] /dev/input/event2: 0003 0036 0000058a
[    8937.903073] /dev/input/event2: 0000 0000 00000000
[    8937.911678] /dev/input/event2: 0003 0035 0000034d
[    8937.911678] /dev/input/event2: 0003 0036 000005b5
[    8937.911678] /dev/input/event2: 0000 0000 00000000
[    8937.920008] /dev/input/event2: 0003 0035 0000036e
[    8937.920008] /dev/input/event2: 0003 0036 000005e5
[    8937.920008] /dev/input/event2: 0003 003a 00000039
[    8937.920008] /dev/input/event2: 0000 0000 00000000
[    8937.928681] /dev/input/event2: 0003 0035 0000038a
[    8937.928681] /dev/input/event2: 0003 0036 0000061c
[    8937.928681] /dev/input/event2: 0000 0000 00000000
[    8937.937182] /dev/input/event2: 0003 0035 0000039b
[    8937.937182] /dev/input/event2: 0003 0036 0000063f
[    8937.937182] /dev/input/event2: 0003 003a 0000003a
[    8937.937182] /dev/input/event2: 0000 0000 00000000
[    8937.945562] /dev/input/event2: 0003 0035 000003a8
[    8937.945562] /dev/input/event2: 0003 0036 00000664
[    8937.945562] /dev/input/event2: 0003 003a 00000039
[    8937.945562] /dev/input/event2: 0000 0000 00000000
[    8937.953930] /dev/input/event2: 0003 0035 000003ae
[    8937.953930] /dev/input/event2: 0003 0036 0000067f
[    8937.953930] /dev/input/event2: 0000 0000 00000000
[    8937.963112] /dev/input/event2: 0003 0035 000003af
[    8937.963112] /dev/input/event2: 0003 0036 00000691
[    8937.963112] /dev/input/event2: 0000 0000 00000000
[    8937.971632] /dev/input/event2: 0003 0035 000003ad
[    8937.971632] /dev/input/event2: 0003 0036 0000069f
[    8937.971632] /dev/input/event2: 0003 003a 00000040
[    8937.971632] /dev/input/event2: 0000 0000 00000000
[    8937.980449] /dev/input/event2: 0003 0035 000003a9
[    8937.980449] /dev/input/event2: 0003 0036 000006a9
[    8937.980449] /dev/input/event2: 0000 0000 00000000
[    8937.988554] /dev/input/event2: 0003 0035 000003a2
[    8937.988554] /dev/input/event2: 0003 0036 000006af
[    8937.988554] /dev/input/event2: 0003 003a 0000003e
[    8937.988554] /dev/input/event2: 0000 0000 00000000
[    8937.996250] /dev/input/event2: 0003 0035 00000394
[    8937.996250] /dev/input/event2: 0003 0036 000006b3
[    8937.996250] /dev/input/event2: 0003 003a 00000038
[    8937.996250] /dev/input/event2: 0000 0000 00000000
[    8938.004662] /dev/input/event2: 0003 0035 0000037a
[    8938.004662] /dev/input/event2: 0003 003a 00000037
[    8938.004662] /dev/input/event2: 0000 0000 00000000
[    8938.013178] /dev/input/event2: 0003 0035 0000035e
[    8938.013178] /dev/input/event2: 0003 0036 000006aa
[    8938.013178] /dev/input/event2: 0000 0000 00000000
[    8938.021579] /dev/input/event2: 0003 0035 0000033b
[    8938.021579] /dev/input/event2: 0003 0036 00000699
[    8938.021579] /dev/input/event2: 0003 003a 00000036
[    8938.021579] /dev/input/event2: 0000 0000 00000000
[    8938.030079] /dev/input/event2: 0003 0035 0000031d
[    8938.030079] /dev/input/event2: 0003 0036 00000682
[    8938.030079] /dev/input/event2: 0000 0000 00000000
[    8938.038542] /dev/input/event2: 0003 0035 000002fd
[    8938.038542] /dev/input/event2: 0003 0036 00000666
[    8938.038542] /dev/input/event2: 0000 0000 00000000
[    8938.047059] /dev/input/event2: 0003 0035 000002e1
[    8938.047059] /dev/input/event2: 0003 0036 00000648
[    8938.047059] /dev/input/event2: 0000 0000 00000000
[    8938.055448] /dev/input/event2: 0003 0035 000002c9
[    8938.055448] /dev/input/event2: 0003 0036 00000629
[    8938.055448] /dev/input/event2: 0000 0000 00000000
[    8938.063903] /dev/input/event2: 0003 0035 000002b6
[    8938.063903] /dev/input/event2: 0003 0036 0000060b
[    8938.063903] /dev/input/event2: 0000 0000 00000000
[    8938.072319] /dev/input/event2: 0003 0035 000002a9
[    8938.072319] /dev/input/event2: 0003 0036 000005f0
[    8938.072319] /dev/input/event2: 0000 0000 00000000
[    8938.080835] /dev/input/event2: 0003 0035 000002a2
[    8938.080835] /dev/input/event2: 0003 0036 000005db
[    8938.080835] /dev/input/event2: 0000 0000 00000000
[    8938.090079] /dev/input/event2: 0003 0035 0000029f
[    8938.090079] /dev/input/event2: 0003 0036 000005ca
[    8938.090079] /dev/input/event2: 0003 003a 0000003d
[    8938.090079] /dev/input/event2: 0000 0000 00000000
[    8938.098484] /dev/input/event2: 0003 0035 000002a0
[    8938.098484] /dev/input/event2: 0003 0036 000005bb
[    8938.098484] /dev/input/event2: 0003 003a 0000003c
[    8938.098484] /dev/input/event2: 0000 0000 00000000
[    8938.107032] /dev/input/event2: 0003 0035 000002a3
[    8938.107032] /dev/input/event2: 0003 0036 000005b0
[    8938.107032] /dev/input/event2: 0003 003a 0000003d
[    8938.107032] /dev/input/event2: 0000 0000 00000000
[    8938.115477] /dev/input/event2: 0003 0035 000002a8
[    8938.115477] /dev/input/event2: 0003 0036 000005a9
[    8938.115477] /dev/input/event2: 0003 003a 0000003c
[    8938.115477] /dev/input/event2: 0000 0000 00000000
[    8938.123972] /dev/input/event2: 0003 0035 000002b2
[    8938.123972] /dev/input/event2: 0003 0036 000005a2
[    8938.123972] /dev/input/event2: 0003 003a 0000003d
[    8938.123972] /dev/input/event2: 0000 0000 00000000
[    8938.131607] /dev/input/event2: 0003 0035 000002c4
[    8938.131607] /dev/input/event2: 0003 0036 0000059f
[    8938.131607] /dev/input/event2: 0003 003a 00000037
[    8938.131607] /dev/input/event2: 0000 0000 00000000
[    8938.140060] /dev/input/event2: 0003 0035 000002de
[    8938.140060] /dev/input/event2: 0003 0036 000005a2
[    8938.140060] /dev/input/event2: 0000 0000 00000000
[    8938.148586] /dev/input/event2: 0003 0035 000002f8
[    8938.148586] /dev/input/event2: 0003 0036 000005ad
[    8938.148586] /dev/input/event2: 0003 003a 00000038
[    8938.148586] /dev/input/event2: 0000 0000 00000000
[    8938.156961] /dev/input/event2: 0003 0035 00000316
[    8938.156961] /dev/input/event2: 0003 0036 000005c0
[    8938.156961] /dev/input/event2: 0000 0000 00000000
[    8938.165498] /dev/input/event2: 0003 0035 00000330
[    8938.165498] /dev/input/event2: 0003 0036 000005d7
[    8938.165498] /dev/input/event2: 0000 0000 00000000
[    8938.173920] /dev/input/event2: 0003 0035 00000349
[    8938.173920] /dev/input/event2: 0003 0036 000005f2
[    8938.173920] /dev/input/event2: 0003 003a 00000039
[    8938.173920] /dev/input/event2: 0000 0000 00000000
[    8938.182528] /dev/input/event2: 0003 0035 00000360
[    8938.182528] /dev/input/event2: 0003 0036 0000060f
[    8938.182528] /dev/input/event2: 0003 003a 0000003a
[    8938.182528] /dev/input/event2: 0000 0000 00000000
[    8938.190976] /dev/input/event2: 0003 0035 00000372
[    8938.190976] /dev/input/event2: 0003 0036 0000062b
[    8938.190976] /dev/input/event2: 0000 0000 00000000
[    8938.200118] /dev/input/event2: 0003 0035 0000037e
[    8938.200118] /dev/input/event2: 0003 0036 00000642
[    8938.200118] /dev/input/event2: 0003 003a 00000041
[    8938.200118] /dev/input/event2: 0000 0000 00000000
[    8938.208428] /dev/input/event2: 0003 0035 00000384
[    8938.208428] /dev/input/event2: 0003 0036 00000657
[    8938.208428] /dev/input/event2: 0000 0000 00000000
[    8938.217039] /dev/input/event2: 0003 0035 00000385
[    8938.217039] /dev/input/event2: 0003 0036 0000066a
[    8938.217039] /dev/input/event2: 0000 0000 00000000
[    8938.225516] /dev/input/event2: 0003 0035 00000382
[    8938.225516] /dev/input/event2: 0003 0036 00000677
[    8938.225516] /dev/input/event2: 0003 003a 00000040
[    8938.225516] /dev/input/event2: 0000 0000 00000000
[    8938.233970] /dev/input/event2: 0003 0035 0000037d
[    8938.233970] /dev/input/event2: 0003 0036 0000067f
[    8938.233970] /dev/input/event2: 0003 003a 0000003f
[    8938.233970] /dev/input/event2: 0000 0000 00000000
[    8938.241723] /dev/input/event2: 0003 0035 00000375
[    8938.241723] /dev/input/event2: 0003 0036 00000684
[    8938.241723] /dev/input/event2: 0003 003a 00000038
[    8938.241723] /dev/input/event2: 0000 0000 00000000
[    8938.250245] /dev/input/event2: 0003 0035 00000363
[    8938.250245] /dev/input/event2: 0003 0036 00000687
[    8938.250245] /dev/input/event2: 0003 003a 00000037
[    8938.250245] /dev/input/event2: 0000 0000 00000000
[    8938.258561] /dev/input/event2: 0003 0035 0000034a
[    8938.258561] /dev/input/event2: 0003 0036 00000681
[    8938.258561] /dev/input/event2: 0000 0000 00000000
[    8938.266985] /dev/input/event2: 0003 0035 00000329
[    8938.266985] /dev/input/event2: 0003 0036 00000671
[    8938.266985] /dev/input/event2: 0003 0031 00000003
[    8938.266985] /dev/input/event2: 0003 003a 00000036
[    8938.266985] /dev/input/event2: 0000 0000 00000000
[    8938.275484] /dev/input/event2: 0003 0035 00000307
[    8938.275484] /dev/input/event2: 0003 0036 00000657
[    8938.275484] /dev/input/event2: 0003 0031 00000004
[    8938.275484] /dev/input/event2: 0000 0000 00000000
[    8938.283933] /dev/input/event2: 0003 0035 000002e4
[    8938.283933] /dev/input/event2: 0003 0036 00000637
[    8938.283933] /dev/input/event2: 0000 0000 00000000
[    8938.292396] /dev/input/event2: 0003 0035 000002c1
[    8938.292396] /dev/input/event2: 0003 0036 0000060f
[    8938.292396] /dev/input/event2: 0003 0031 00000003
[    8938.292396] /dev/input/event2: 0000 0000 00000000
[    8938.300914] /dev/input/event2: 0003 0035 000002a1
[    8938.300914] /dev/input/event2: 0003 0036 000005e4
[    8938.300914] /dev/input/event2: 0003 0031 00000004
[    8938.300914] /dev/input/event2: 0003 003a 00000035
[    8938.300914] /dev/input/event2: 0000 0000 00000000
[    8938.309364] /dev/input/event2: 0003 0035 0000028c
[    8938.309364] /dev/input/event2: 0003 0036 000005c2
[    8938.309364] /dev/input/event2: 0003 0031 00000003
[    8938.309364] /dev/input/event2: 0000 0000 00000000
[    8938.317749] /dev/input/event2: 0003 0035 00000280
[    8938.317749] /dev/input/event2: 0003 0036 000005a6
[    8938.317749] /dev/input/event2: 0003 0031 00000004
[    8938.317749] /dev/input/event2: 0000 0000 00000000
[    8938.327109] /dev/input/event2: 0003 0035 0000027b
[    8938.327109] /dev/input/event2: 0003 0036 00000592
[    8938.327109] /dev/input/event2: 0003 003a 0000003b
[    8938.327109] /dev/input/event2: 0000 0000 00000000
[    8938.335391] /dev/input/event2: 0003 0036 00000583
[    8938.335391] /dev/input/event2: 0000 0000 00000000
[    8938.344008] /dev/input/event2: 0003 0035 0000027f
[    8938.344008] /dev/input/event2: 0003 0036 00000579
[    8938.344008] /dev/input/event2: 0003 003a 0000003c
[    8938.344008] /dev/input/event2: 0000 0000 00000000
[    8938.352476] /dev/input/event2: 0003 0035 00000286
[    8938.352476] /dev/input/event2: 0003 0036 00000572
[    8938.352476] /dev/input/event2: 0000 0000 00000000
[    8938.360157] /dev/input/event2: 0003 0035 0000029b
[    8938.360157] /dev/input/event2: 0003 0036 0000056c
[    8938.360157] /dev/input/event2: 0003 003a 00000037
[    8938.360157] /dev/input/event2: 0000 0000 00000000
[    8938.368547] /dev/input/event2: 0003 0035 000002b9
[    8938.368547] /dev/input/event2: 0003 0036 00000570
[    8938.368547] /dev/input/event2: 0000 0000 00000000
[    8938.377035] /dev/input/event2: 0003 0035 000002e6
[    8938.377035] /dev/input/event2: 0003 0036 00000583
[    8938.377035] /dev/input/event2: 0003 003a 00000038
[    8938.377035] /dev/input/event2: 0000 0000 00000000
[    8938.385624] /dev/input/event2: 0003 0035 00000311
[    8938.385624] /dev/input/event2: 0003 0036 000005a3
[    8938.385624] /dev/input/event2: 0000 0000 00000000
[    8938.394019] /dev/input/event2: 0003 0035 0000033a
[    8938.394019] /dev/input/event2: 0003 0036 000005ce
[    8938.394019] /dev/input/event2: 0000 0000 00000000
[    8938.402393] /dev/input/event2: 0003 0035 00000365
[    8938.402393] /dev/input/event2: 0003 0036 00000602
[    8938.402393] /dev/input/event2: 0003 003a 00000039
[    8938.402393] /dev/input/event2: 0000 0000 00000000
[    8938.411013] /dev/input/event2: 0003 0035 00000386
[    8938.411013] /dev/input/event2: 0003 0036 00000637
[    8938.411013] /dev/input/event2: 0000 0000 00000000
[    8938.419371] /dev/input/event2: 0003 0035 00000394
[    8938.419371] /dev/input/event2: 0003 0036 00000652
[    8938.419371] /dev/input/event2: 0003 003a 0000003a
[    8938.419371] /dev/input/event2: 0000 0000 00000000
[    8938.428686] /dev/input/event2: 0003 0035 0000039b
[    8938.428686] /dev/input/event2: 0003 0036 00000668
[    8938.428686] /dev/input/event2: 0003 003a 00000042
[    8938.428686] /dev/input/event2: 0000 0000 00000000
[    8938.436925] /dev/input/event2: 0003 0036 00000678
[    8938.436925] /dev/input/event2: 0003 003a 00000041
[    8938.436925] /dev/input/event2: 0000 0000 00000000
[    8938.445401] /dev/input/event2: 0003 0035 00000395
[    8938.445401] /dev/input/event2: 0003 0036 0000067e
[    8938.445401] /dev/input/event2: 0003 003a 0000003f
[    8938.445401] /dev/input/event2: 0000 0000 00000000
[    8938.453471] /dev/input/event2: 0003 0035 00000384
[    8938.453471] /dev/input/event2: 0003 0036 0000067f
[    8938.453471] /dev/input/event2: 0003 003a 00000038
[    8938.453471] /dev/input/event2: 0000 0000 00000000
[    8938.461732] /dev/input/event2: 0003 0035 00000359
[    8938.461732] /dev/input/event2: 0003 0036 0000066e
[    8938.461732] /dev/input/event2: 0003 0031 00000003
[    8938.461732] /dev/input/event2: 0003 003a 00000037
[    8938.461732] /dev/input/event2: 0000 0000 00000000
[    8938.470228] /dev/input/event2: 0003 0035 00000316
[    8938.470228] /dev/input/event2: 0003 0036 0000063f
[    8938.470228] /dev/input/event2: 0000 0000 00000000
[    8938.478628] /dev/input/event2: 0003 0035 000002ca
[    8938.478628] /dev/input/event2: 0003 0036 000005fa
[    8938.478628] /dev/input/event2: 0000 0000 00000000
[    8938.487001] /dev/input/event2: 0003 0035 00000275
[    8938.487001] /dev/input/event2: 0003 0036 0000059f
[    8938.487001] /dev/input/event2: 0003 0031 00000004
[    8938.487001] /dev/input/event2: 0003 003a 00000034
[    8938.487001] /dev/input/event2: 0000 0000 00000000
[    8938.495482] /dev/input/event2: 0003 0035 00000220
[    8938.495482] /dev/input/event2: 0003 0036 00000539
[    8938.495482] /dev/input/event2: 0003 003a 00000035
[    8938.495482] /dev/input/event2: 0000 0000 00000000
[    8938.504012] /dev/input/event2: 0003 0035 000001c2
[    8938.504012] /dev/input/event2: 0003 0036 000004ce
[    8938.504012] /dev/input/event2: 0000 0000 00000000
[    8938.512375] /dev/input/event2: 0003 0035 0000016e
[    8938.512375] /dev/input/event2: 0003 0036 00000461
[    8938.512375] /dev/input/event2: 0003 003a 00000032
[    8938.512375] /dev/input/event2: 0000 0000 00000000
[    8938.520900] /dev/input/event2: 0003 0035 00000123
[    8938.520900] /dev/input/event2: 0003 0036 00000400
[    8938.520900] /dev/input/event2: 0000 0000 00000000
[    8938.529167] /dev/input/event2: 0003 0039 ffffffff
[    8938.529167] /dev/input/event2: 0000 0000 00000000
