[   27010.527000] /dev/input/event2: 0003 0039 00000e92
[   27010.527000] /dev/input/event2: 0003 0035 000001f2
[   27010.527000] /dev/input/event2: 0003 0036 00000691
[   27010.527000] /dev/input/event2: 0003 0030 00000004
[   27010.527000] /dev/input/event2: 0003 003a 00000035
[   27010.527000] /dev/input/event2: 0000 0000 00000000
[   27010.535041] /dev/input/event2: 0003 0035 000001ff
[   27010.535041] /dev/input/event2: 0003 0036 0000067a
[   27010.535041] /dev/input/event2: 0003 0030 00000005
[   27010.535041] /dev/input/event2: 0003 0031 00000004
[   27010.535041] /dev/input/event2: 0003 003a 0000003f
[   27010.535041] /dev/input/event2: 0000 0000 00000000
[   27010.543666] /dev/input/event2: 0003 0036 00000679
[   27010.543666] /dev/input/event2: 0003 003a 0000003c
[   27010.543666] /dev/input/event2: 0000 0000 00000000
[   27010.551309] /dev/input/event2: 0003 0035 00000200
[   27010.551309] /dev/input/event2: 0003 0036 00000675
[   27010.551309] /dev/input/event2: 0003 003a 00000036
[   27010.551309] /dev/input/event2: 0000 0000 00000000
[   27010.559802] /dev/input/event2: 0003 0036 0000066c
[   27010.559802] /dev/input/event2: 0000 0000 00000000
[   27010.568271] /dev/input/event2: 0003 0035 000001ff
[   27010.568271] /dev/input/event2: 0003 0036 0000065c
[   27010.568271] /dev/input/event2: 0003 0031 00000003
[   27010.568271] /dev/input/event2: 0000 0000 00000000
[   27010.576721] /dev/input/event2: 0003 0035 000001fb
[   27010.576721] /dev/input/event2: 0003 0036 00000644
[   27010.576721] /dev/input/event2: 0003 0031 00000004
[   27010.576721] /dev/input/event2: 0003 003a 00000035
[   27010.576721] /dev/input/event2: 0000 0000 00000000
[   27010.585286] /dev/input/event2: 0003 0035 000001f6
[   27010.585286] /dev/input/event2: 0003 0036 00000628
[   27010.585286] /dev/input/event2: 0003 0031 00000003
[   27010.585286] /dev/input/event2: 0000 0000 00000000
[   27010.593712] /dev/input/event2: 0003 0035 000001f1
[   27010.593712] /dev/input/event2: 0003 0036 00000609
[   27010.593712] /dev/input/event2: 0003 0031 00000004
[   27010.593712] /dev/input/event2: 0000 0000 00000000
[   27010.602228] /dev/input/event2: 0003 0035 000001ee
[   27010.602228] /dev/input/event2: 0003 0036 000005ed
[   27010.602228] /dev/input/event2: 0003 003a 00000034
[   27010.602228] /dev/input/event2: 0000 0000 00000000
[   27010.610710] /dev/input/event2: 0003 0036 000005cf
[   27010.610710] /dev/input/event2: 0000 0000 00000000
[   27010.619134] /dev/input/event2: 0003 0035 000001f1
[   27010.619134] /dev/input/event2: 0003 0036 000005b1
[   27010.619134] /dev/input/event2: 0000 0000 00000000
[   27010.627629] /dev/input/event2: 0003 0035 000001f7
[   27010.627629] /dev/input/event2: 0003 0036 00000595
[   27010.627629] /dev/input/event2: 0003 003a 00000035
[   27010.627629] /dev/input/event2: 0000 0000 00000000
[   27010.636083] /dev/input/event2: 0003 0035 00000200
[   27010.636083] /dev/input/event2: 0003 0036 0000057a
[   27010.636083] /dev/input/event2: 0000 0000 00000000
[   27010.644619] /dev/input/event2: 0003 0035 0000020a
[   27010.644619] /dev/input/event2: 0003 0036 00000564
[   27010.644619] /dev/input/event2: 0000 0000 00000000
[   27010.653764] /dev/input/event2: 0003 0035 00000215
[   27010.653764] /dev/input/event2: 0003 0036 00000553
[   27010.653764] /dev/input/event2: 0003 003a 0000003c
[   27010.653764] /dev/input/event2: 0000 0000 00000000
[   27010.662462] /dev/input/event2: 0003 0035 00000220
[   27010.662462] /dev/input/event2: 0003 0036 00000547
[   27010.662462] /dev/input/event2: 0000 0000 00000000
[   27010.670042] /dev/input/event2: 0003 0035 0000022e
[   27010.670042] /dev/input/event2: 0003 0036 0000053c
[   27010.670042] /dev/input/event2: 0003 003a 00000036
[   27010.670042] /dev/input/event2: 0000 0000 00000000
[   27010.678533] /dev/input/event2: 0003 0035 00000242
[   27010.678533] /dev/input/event2: 0003 0036 00000533
[   27010.678533] /dev/input/event2: 0003 003a 00000037
[   27010.678533] /dev/input/event2: 0000 0000 00000000
[   27010.687939] /dev/input/event2: 0003 0035 00000258
[   27010.687939] /dev/input/event2: 0003 0036 00000530
[   27010.687939] /dev/input/event2: 0003 003a 0000003d
[   27010.687939] /dev/input/event2: 0000 0000 00000000
[   27010.695480] /dev/input/event2: 0003 0035 00000273
[   27010.695480] /dev/input/event2: 0003 0036 00000536
[   27010.695480] /dev/input/event2: 0003 003a 00000038
[   27010.695480] /dev/input/event2: 0000 0000 00000000
[   27010.704018] /dev/input/event2: 0003 0035 00000290
[   27010.704018] /dev/input/event2: 0003 0036 00000544
[   27010.704018] /dev/input/event2: 0000 0000 00000000
[   27010.712389] /dev/input/event2: 0003 0035 000002af
[   27010.712389] /dev/input/event2: 0003 0036 0000055c
[   27010.712389] /dev/input/event2: 0000 0000 00000000
[   27010.720969] /dev/input/event2: 0003 0035 000002ce
[   27010.720969] /dev/input/event2: 0003 0036 0000057a
[   27010.720969] /dev/input/event2: 0003 003a 00000037
[   27010.720969] /dev/input/event2: 0000 0000 00000000
[   27010.729434] /dev/input/event2: 0003 0035 000002ed
[   27010.729434] /dev/input/event2: 0003 0036 000005a0
[   27010.729434] /dev/input/event2: 0003 003a 00000038
[   27010.729434] /dev/input/event2: 0000 0000 00000000
[   27010.737996] /dev/input/event2: 0003 0035 0000030c
[   27010.737996] /dev/input/event2: 0003 0036 000005ca
[   27010.737996] /dev/input/event2: 0000 0000 00000000
[   27010.746445] /dev/input/event2: 0003 0035 00000327
[   27010.746445] /dev/input/event2: 0003 0036 000005f4
[   27010.746445] /dev/input/event2: 0003 003a 00000039
[   27010.746445] /dev/input/event2: 0000 0000 00000000
[   27010.754918] /dev/input/event2: 0003 0035 0000033b
[   27010.754918] /dev/input/event2: 0003 0036 00000617
[   27010.754918] /dev/input/event2: 0000 0000 00000000
[   27010.763376] /dev/input/event2: 0003 0035 00000348
[   27010.763376] /dev/input/event2: 0003 0036 00000632
[   27010.763376] /dev/input/event2: 0000 0000 00000000
[   27010.771954] /dev/input/event2: 0003 0035 00000351
[   27010.771954] /dev/input/event2: 0003 0036 0000064a
[   27010.771954] /dev/input/event2: 0003 003a 00000038
[   27010.771954] /dev/input/event2: 0000 0000 00000000
[   27010.781168] /dev/input/event2: 0003 0035 00000356
[   27010.781168] /dev/input/event2: 0003 0036 0000065c
[   27010.781168] /dev/input/event2: 0003 003a 00000040
[   27010.781168] /dev/input/event2: 0000 0000 00000000
[   27010.789663] /dev/input/event2: 0003 0035 00000358
[   27010.789663] /dev/input/event2: 0003 0036 0000066a
[   27010.789663] /dev/input/event2: 0003 003a 0000003f
[   27010.789663] /dev/input/event2: 0000 0000 00000000
[   27010.798065] /dev/input/event2: 0003 0035 00000357
[   27010.798065] /dev/input/event2: 0003 0036 00000672
[   27010.798065] /dev/input/event2: 0000 0000 00000000
[   27010.806465] /dev/input/event2: 0003 0035 00000354
[   27010.806465] /dev/input/event2: 0003 0036 00000676
[   27010.806465] /dev/input/event2: 0003 003a 0000003e
[   27010.806465] /dev/input/event2: 0000 0000 00000000
[   27010.815092] /dev/input/event2: 0003 0035 0000034f
[   27010.815092] /dev/input/event2: 0003 0036 00000678
[   27010.815092] /dev/input/event2: 0003 003a 0000003d
[   27010.815092] /dev/input/event2: 0000 0000 00000000
[   27010.822785] /dev/input/event2: 0003 0035 00000345
[   27010.822785] /dev/input/event2: 0003 0036 00000676
[   27010.822785] /dev/input/event2: 0003 003a 00000037
[   27010.822785] /dev/input/event2: 0000 0000 00000000
[   27010.831350] /dev/input/event2: 0003 0035 00000336
[   27010.831350] /dev/input/event2: 0003 0036 0000066f
[   27010.831350] /dev/input/event2: 0000 0000 00000000
[   27010.839728] /dev/input/event2: 0003 0035 00000325
[   27010.839728] /dev/input/event2: 0003 0036 00000662
[   27010.839728] /dev/input/event2: 0003 003a 00000036
[   27010.839728] /dev/input/event2: 0000 0000 00000000
[   27010.848182] /dev/input/event2: 0003 0035 00000314
[   27010.848182] /dev/input/event2: 0003 0036 00000651
[   27010.848182] /dev/input/event2: 0003 0031 00000003
[   27010.848182] /dev/input/event2: 0003 003a 00000037
[   27010.848182] /dev/input/event2: 0000 0000 00000000
[   27010.856606] /dev/input/event2: 0003 0035 000002ff
[   27010.856606] /dev/input/event2: 0003 0036 00000637
[   27010.856606] /dev/input/event2: 0003 0031 00000004
[   27010.856606] /dev/input/event2: 0000 0000 00000000
[   27010.865315] /dev/input/event2: 0003 0035 000002eb
[   27010.865315] /dev/input/event2: 0003 0036 00000618
[   27010.865315] /dev/input/event2: 0000 0000 00000000
[   27010.873585] /dev/input/event2: 0003 0035 000002db
[   27010.873585] /dev/input/event2: 0003 0036 000005f7
[   27010.873585] /dev/input/event2: 0003 003a 00000036
[   27010.873585] /dev/input/event2: 0000 0000 00000000
[   27010.882113] /dev/input/event2: 0003 0035 000002cf
[   27010.882113] /dev/input/event2: 0003 0036 000005d3
[   27010.882113] /dev/input/event2: 0003 0031 00000003
[   27010.882113] /dev/input/event2: 0000 0000 00000000
[   27010.890542] /dev/input/event2: 0003 0035 000002c9
[   27010.890542] /dev/input/event2: 0003 0036 000005b3
[   27010.890542] /dev/input/event2: 0003 0031 00000004
[   27010.890542] /dev/input/event2: 0000 0000 00000000
[   27010.899267] /dev/input/event2: 0003 0035 000002c7
[   27010.899267] /dev/input/event2: 0003 0036 00000599
[   27010.899267] /dev/input/event2: 0000 0000 00000000
[   27010.908364] /dev/input/event2: 0003 0035 000002c8
[   27010.908364] /dev/input/event2: 0003 0036 00000588
[   27010.908364] /dev/input/event2: 0003 003a 0000003d
[   27010.908364] /dev/input/event2: 0000 0000 00000000
[   27010.916879] /dev/input/event2: 0003 0035 000002cb
[   27010.916879] /dev/input/event2: 0003 0036 0000057d
[   27010.916879] /dev/input/event2: 0003 003a 0000003e
[   27010.916879] /dev/input/event2: 0000 0000 00000000
[   27010.925323] /dev/input/event2: 0003 0035 000002ce
[   27010.925323] /dev/input/event2: 0003 0036 00000576
[   27010.925323] /dev/input/event2: 0000 0000 00000000
[   27010.933905] /dev/input/event2: 0003 0035 000002d2
[   27010.933905] /dev/input/event2: 0003 0036 00000573
[   27010.933905] /dev/input/event2: 0000 0000 00000000
[   27010.942239] /dev/input/event2: 0003 0035 000002dc
[   27010.942239] /dev/input/event2: 0003 0036 00000574
[   27010.942239] /dev/input/event2: 0000 0000 00000000
[   27010.950002] /dev/input/event2: 0003 0035 000002eb
[   27010.950002] /dev/input/event2: 0003 0036 0000057d
[   27010.950002] /dev/input/event2: 0003 003a 00000037
[   27010.950002] /dev/input/event2: 0000 0000 00000000
[   27010.958597] /dev/input/event2: 0003 0035 000002fd
[   27010.958597] /dev/input/event2: 0003 0036 0000058f
[   27010.958597] /dev/input/event2: 0000 0000 00000000
[   27010.967001] /dev/input/event2: 0003 0035 00000318
[   27010.967001] /dev/input/event2: 0003 0036 000005ae
[   27010.967001] /dev/input/event2: 0003 003a 00000036
[   27010.967001] /dev/input/event2: 0000 0000 00000000
[   27010.975491] /dev/input/event2: 0003 0035 00000336
[   27010.975491] /dev/input/event2: 0003 0036 000005d8
[   27010.975491] /dev/input/event2: 0000 0000 00000000
[   27010.984038] /dev/input/event2: 0003 0035 00000351
[   27010.984038] /dev/input/event2: 0003 0036 000005ff
[   27010.984038] /dev/input/event2: 0003 003a 00000038
[   27010.984038] /dev/input/event2: 0000 0000 00000000
[   27010.992409] /dev/input/event2: 0003 0035 00000367
[   27010.992409] /dev/input/event2: 0003 0036 0000061e
[   27010.992409] /dev/input/event2: 0000 0000 00000000
[   27011.000900] /dev/input/event2: 0003 0035 00000376
[   27011.000900] /dev/input/event2: 0003 0036 00000633
[   27011.000900] /dev/input/event2: 0000 0000 00000000
[   27011.010176] /dev/input/event2: 0003 0035 0000037f
[   27011.010176] /dev/input/event2: 0003 0036 0000063f
[   27011.010176] /dev/input/event2: 0003 003a 0000003f
[   27011.010176] /dev/input/event2: 0000 0000 00000000
[   27011.018698] /dev/input/event2: 0003 0035 00000384
[   27011.018698] /dev/input/event2: 0003 0036 00000647
[   27011.018698] /dev/input/event2: 0000 0000 00000000
[   27011.027096] /dev/input/event2: 0003 0035 00000387
[   27011.027096] /dev/input/event2: 0003 0036 0000064c
[   27011.027096] /dev/input/event2: 0000 0000 00000000
[   27011.035580] /dev/input/event2: 0003 0036 0000064d
[   27011.035580] /dev/input/event2: 0003 003a 0000003e
[   27011.035580] /dev/input/event2: 0000 0000 00000000
[   27011.044187] /dev/input/event2: 0003 0035 00000386
[   27011.044187] /dev/input/event2: 0003 0036 0000064c
[   27011.044187] /dev/input/event2: 0000 0000 00000000
[   27011.051809] /dev/input/event2: 0003 0035 0000037f
[   27011.051809] /dev/input/event2: 0003 0036 00000642
[   27011.051809] /dev/input/event2: 0003 003a 00000038
[   27011.051809] /dev/input/event2: 0000 0000 00000000
[   27011.060280] /dev/input/event2: 0003 0035 0000036a
[   27011.060280] /dev/input/event2: 0003 0036 00000627
[   27011.060280] /dev/input/event2: 0000 0000 00000000
[   27011.068839] /dev/input/event2: 0003 0035 0000034e
[   27011.068839] /dev/input/event2: 0003 0036 000005ff
[   27011.068839] /dev/input/event2: 0003 003a 00000037
[   27011.068839] /dev/input/event2: 0000 0000 00000000
[   27011.077292] /dev/input/event2: 0003 0035 00000331
[   27011.077292] /dev/input/event2: 0003 0036 000005d8
[   27011.077292] /dev/input/event2: 0000 0000 00000000
[   27011.085802] /dev/input/event2: 0003 0035 00000316
[   27011.085802] /dev/input/event2: 0003 0036 000005b1
[   27011.085802] /dev/input/event2: 0003 003a 00000036
[   27011.085802] /dev/input/event2: 0000 0000 00000000
[   27011.094169] /dev/input/event2: 0003 0035 00000303
[   27011.094169] /dev/input/event2: 0003 0036 00000593
[   27011.094169] /dev/input/event2: 0000 0000 00000000
[   27011.102707] /dev/input/event2: 0003 0035 000002f5
[   27011.102707] /dev/input/event2: 0003 0036 0000057e
[   27011.102707] /dev/input/event2: 0003 003a 00000037
[   27011.102707] /dev/input/event2: 0000 0000 00000000
[   27011.111852] /dev/input/event2: 0003 0035 000002ed
[   27011.111852] /dev/input/event2: 0003 0036 00000572
[   27011.111852] /dev/input/event2: 0003 003a 0000003e
[   27011.111852] /dev/input/event2: 0000 0000 00000000
[   27011.120314] /dev/input/event2: 0003 0035 000002e8
[   27011.120314] /dev/input/event2: 0003 0036 0000056a
[   27011.120314] /dev/input/event2: 0000 0000 00000000
[   27011.128954] /dev/input/event2: 0003 0035 000002e7
[   27011.128954] /dev/input/event2: 0003 0036 00000567
[   27011.128954] /dev/input/event2: 0003 003a 0000003d
[   27011.128954] /dev/input/event2: 0000 0000 00000000
[   27011.137467] /dev/input/event2: 0003 003a 0000003c
[   27011.137467] /dev/input/event2: 0000 0000 00000000
[   27011.145130] /dev/input/event2: 0003 0035 000002ef
[   27011.145130] /dev/input/event2: 0003 0036 0000056f
[   27011.145130] /dev/input/event2: 0003 003a 00000036
[   27011.145130] /dev/input/event2: 0000 0000 00000000
[   27011.153740] /dev/input/event2: 0003 0035 00000308
[   27011.153740] /dev/input/event2: 0003 0036 0000058e
[   27011.153740] /dev/input/event2: 0000 0000 00000000
[   27011.162046] /dev/input/event2: 0003 0035 0000032d
[   27011.162046] /dev/input/event2: 0003 0036 000005bc
[   27011.162046] /dev/input/event2: 0000 0000 00000000
[   27011.170690] /dev/input/event2: 0003 0035 00000351
[   27011.170690] /dev/input/event2: 0003 0036 000005ed
[   27011.170690] /dev/input/event2: 0003 003a 00000038
[   27011.170690] /dev/input/event2: 0000 0000 00000000
[   27011.179136] /dev/input/event2: 0003 0035 00000373
[   27011.179136] /dev/input/event2: 0003 0036 0000061f
[   27011.179136] /dev/input/event2: 0000 0000 00000000
[   27011.187634] /dev/input/event2: 0003 0035 00000389
[   27011.187634] /dev/input/event2: 0003 0036 00000644
[   27011.187634] /dev/input/event2: 0000 0000 00000000
[   27011.196041] /dev/input/event2: 0003 0035 0000039a
[   27011.196041] /dev/input/event2: 0003 0036 00000668
[   27011.196041] /dev/input/event2: 0003 003a 00000039
[   27011.196041] /dev/input/event2: 0000 0000 00000000
[   27011.205299] /dev/input/event2: 0003 0035 000003a2
[   27011.205299] /dev/input/event2: 0003 0036 0000067e
[   27011.205299] /dev/input/event2: 0003 003a 0000003f
[   27011.205299] /dev/input/event2: 0000 0000 00000000
[   27011.213780] /dev/input/event2: 0003 0035 000003a5
[   27011.213780] /dev/input/event2: 0003 0036 0000068d
[   27011.213780] /dev/input/event2: 0003 003a 00000040
[   27011.213780] /dev/input/event2: 0000 0000 00000000
[   27011.222383] /dev/input/event2: 0003 0036 00000696
[   27011.222383] /dev/input/event2: 0000 0000 00000000
[   27011.230556] /dev/input/event2: 0003 0035 000003a1
[   27011.230556] /dev/input/event2: 0003 0036 0000069b
[   27011.230556] /dev/input/event2: 0003 003a 0000003e
[   27011.230556] /dev/input/event2: 0000 0000 00000000
[   27011.238565] /dev/input/event2: 0003 0035 00000396
[   27011.238565] /dev/input/event2: 0003 0036 0000069c
[   27011.238565] /dev/input/event2: 0003 0031 00000003
[   27011.238565] /dev/input/event2: 0003 003a 00000037
[   27011.238565] /dev/input/event2: 0000 0000 00000000
[   27011.246882] /dev/input/event2: 0003 0035 0000037c
[   27011.246882] /dev/input/event2: 0003 0036 00000692
[   27011.246882] /dev/input/event2: 0003 0031 00000004
[   27011.246882] /dev/input/event2: 0000 0000 00000000
[   27011.255405] /dev/input/event2: 0003 0035 00000358
[   27011.255405] /dev/input/event2: 0003 0036 0000067a
[   27011.255405] /dev/input/event2: 0003 0031 00000003
[   27011.255405] /dev/input/event2: 0003 003a 00000036
[   27011.255405] /dev/input/event2: 0000 0000 00000000
[   27011.263852] /dev/input/event2: 0003 0035 0000032c
[   27011.263852] /dev/input/event2: 0003 0036 00000656
[   27011.263852] /dev/input/event2: 0003 0031 00000004
[   27011.263852] /dev/input/event2: 0003 003a 00000037
[   27011.263852] /dev/input/event2: 0000 0000 00000000
[   27011.272358] /dev/input/event2: 0003 0035 000002ff
[   27011.272358] /dev/input/event2: 0003 0036 00000629
[   27011.272358] /dev/input/event2: 0000 0000 00000000
[   27011.280863] /dev/input/event2: 0003 0035 000002cf
[   27011.280863] /dev/input/event2: 0003 0036 000005ef
[   27011.280863] /dev/input/event2: 0003 003a 00000036
[   27011.280863] /dev/input/event2: 0000 0000 00000000
[   27011.289453] /dev/input/event2: 0003 0035 000002a0
[   27011.289453] /dev/input/event2: 0003 0036 000005b0
[   27011.289453] /dev/input/event2: 0003 003a 00000035
[   27011.289453] /dev/input/event2: 0000 0000 00000000
[   27011.297792] /dev/input/event2: 0003 0035 00000276
[   27011.297792] /dev/input/event2: 0003 0036 00000569
[   27011.297792] /dev/input/event2: 0000 0000 00000000
[   27011.306353] /dev/input/event2: 0003 0035 0000024f
[   27011.306353] /dev/input/event2: 0003 0036 00000524
[   27011.306353] /dev/input/event2: 0003 003a 00000036
[   27011.306353] /dev/input/event2: 0000 0000 00000000
[   27011.314795] /dev/input/event2: 0003 0035 0000022f
[   27011.314795] /dev/input/event2: 0003 0036 000004e5
[   27011.314795] /dev/input/event2: 0003 003a 00000035
[   27011.314795] /dev/input/event2: 0000 0000 00000000
[   27011.323293] /dev/input/event2: 0003 0035 0000020d
[   27011.323293] /dev/input/event2: 0003 0036 000004a7
[   27011.323293] /dev/input/event2: 0000 0000 00000000
[   27011.331820] /dev/input/event2: 0003 0035 000001f1
[   27011.331820] /dev/input/event2: 0003 0036 0000046d
[   27011.331820] /dev/input/event2: 0003 003a 00000034
[   27011.331820] /dev/input/event2: 0000 0000 00000000
[   27011.340168] /dev/input/event2: 0003 0035 000001d4
[   27011.340168] /dev/input/event2: 0003 0036 00000439
[   27011.340168] /dev/input/event2: 0000 0000 00000000
[   27011.348675] /dev/input/event2: 0003 0035 000001b7
[   27011.348675] /dev/input/event2: 0003 0036 0000040a
[   27011.348675] /dev/input/event2: 0003 003a 00000031
[   27011.348675] /dev/input/event2: 0000 0000 00000000
[   27011.356968] /dev/input/event2: 0003 0039 ffffffff
[   27011.356968] /dev/input/event2: 0000 0000 00000000
