[    6945.345363] /dev/input/event2: 0003 0039 0000035c
[    6945.345363] /dev/input/event2: 0003 0035 000001fb
[    6945.345363] /dev/input/event2: 0003 0036 0000068c
[    6945.345363] /dev/input/event2: 0003 0030 00000004
[    6945.345363] /dev/input/event2: 0003 0031 00000003
[    6945.345363] /dev/input/event2: 0003 003a 0000001f
[    6945.345363] /dev/input/event2: 0000 0000 00000000
[    6945.362059] /dev/input/event2: 0003 0036 0000068b
[    6945.362059] /dev/input/event2: 0003 0030 00000005
[    6945.362059] /dev/input/event2: 0003 003a 00000038
[    6945.362059] /dev/input/event2: 0000 0000 00000000
[    6945.370784] /dev/input/event2: 0003 0035 000001fa
[    6945.370784] /dev/input/event2: 0003 0036 00000688
[    6945.370784] /dev/input/event2: 0003 0031 00000004
[    6945.370784] /dev/input/event2: 0003 003a 00000039
[    6945.370784] /dev/input/event2: 0000 0000 00000000
[    6945.379101] /dev/input/event2: 0003 0035 000001f9
[    6945.379101] /dev/input/event2: 0003 0036 00000682
[    6945.379101] /dev/input/event2: 0003 0031 00000003
[    6945.379101] /dev/input/event2: 0000 0000 00000000
[    6945.387630] /dev/input/event2: 0003 0035 000001f7
[    6945.387630] /dev/input/event2: 0003 0036 00000678
[    6945.387630] /dev/input/event2: 0003 0031 00000004
[    6945.387630] /dev/input/event2: 0003 003a 00000038
[    6945.387630] /dev/input/event2: 0000 0000 00000000
[    6945.395203] /dev/input/event2: 0003 0035 000001f3
[    6945.395203] /dev/input/event2: 0003 0036 0000066a
[    6945.395203] /dev/input/event2: 0003 003a 00000033
[    6945.395203] /dev/input/event2: 0000 0000 00000000
[    6945.403762] /dev/input/event2: 0003 0035 000001ee
[    6945.403762] /dev/input/event2: 0003 0036 00000655
[    6945.403762] /dev/input/event2: 0003 0031 00000003
[    6945.403762] /dev/input/event2: 0003 003a 00000034
[    6945.403762] /dev/input/event2: 0000 0000 00000000
[    6945.412377] /dev/input/event2: 0003 0035 000001e9
[    6945.412377] /dev/input/event2: 0003 0036 0000063d
[    6945.412377] /dev/input/event2: 0003 0031 00000004
[    6945.412377] /dev/input/event2: 0003 003a 00000033
[    6945.412377] /dev/input/event2: 0000 0000 00000000
[    6945.420659] /dev/input/event2: 0003 0035 000001e4
[    6945.420659] /dev/input/event2: 0003 0036 00000623
[    6945.420659] /dev/input/event2: 0003 0031 00000003
[    6945.420659] /dev/input/event2: 0003 003a 00000034
[    6945.420659] /dev/input/event2: 0000 0000 00000000
[    6945.429043] /dev/input/event2: 0003 0035 000001e0
[    6945.429043] /dev/input/event2: 0003 0036 00000607
[    6945.429043] /dev/input/event2: 0003 0031 00000004
[    6945.429043] /dev/input/event2: 0003 003a 00000033
[    6945.429043] /dev/input/event2: 0000 0000 00000000
[    6945.437524] /dev/input/event2: 0003 0035 000001de
[    6945.437524] /dev/input/event2: 0003 0036 000005ef
[    6945.437524] /dev/input/event2: 0000 0000 00000000
[    6945.446850] /dev/input/event2: 0003 0035 000001dd
[    6945.446850] /dev/input/event2: 0003 0036 000005d8
[    6945.446850] /dev/input/event2: 0003 0031 00000003
[    6945.446850] /dev/input/event2: 0003 003a 00000039
[    6945.446850] /dev/input/event2: 0000 0000 00000000
[    6945.455298] /dev/input/event2: 0003 0035 000001de
[    6945.455298] /dev/input/event2: 0003 0036 000005c3
[    6945.455298] /dev/input/event2: 0003 0031 00000004
[    6945.455298] /dev/input/event2: 0000 0000 00000000
[    6945.463732] /dev/input/event2: 0003 0035 000001e1
[    6945.463732] /dev/input/event2: 0003 0036 000005b1
[    6945.463732] /dev/input/event2: 0000 0000 00000000
[    6945.472101] /dev/input/event2: 0003 0035 000001e5
[    6945.472101] /dev/input/event2: 0003 0036 000005a2
[    6945.472101] /dev/input/event2: 0000 0000 00000000
[    6945.480613] /dev/input/event2: 0003 0035 000001eb
[    6945.480613] /dev/input/event2: 0003 0036 00000596
[    6945.480613] /dev/input/event2: 0003 003a 0000003a
[    6945.480613] /dev/input/event2: 0000 0000 00000000
[    6945.489170] /dev/input/event2: 0003 0035 000001f2
[    6945.489170] /dev/input/event2: 0003 0036 0000058d
[    6945.489170] /dev/input/event2: 0000 0000 00000000
[    6945.496910] /dev/input/event2: 0003 0035 000001fe
[    6945.496910] /dev/input/event2: 0003 0036 00000584
[    6945.496910] /dev/input/event2: 0003 003a 00000035
[    6945.496910] /dev/input/event2: 0000 0000 00000000
[    6945.505319] /dev/input/event2: 0003 0035 00000211
[    6945.505319] /dev/input/event2: 0003 0036 0000057c
[    6945.505319] /dev/input/event2: 0003 003a 00000034
[    6945.505319] /dev/input/event2: 0000 0000 00000000
[    6945.513799] /dev/input/event2: 0003 0035 00000229
[    6945.513799] /dev/input/event2: 0003 0036 00000578
[    6945.513799] /dev/input/event2: 0003 003a 00000035
[    6945.513799] /dev/input/event2: 0000 0000 00000000
[    6945.522297] /dev/input/event2: 0003 0035 00000247
[    6945.522297] /dev/input/event2: 0003 0036 0000057a
[    6945.522297] /dev/input/event2: 0003 0031 00000003
[    6945.522297] /dev/input/event2: 0000 0000 00000000
[    6945.530633] /dev/input/event2: 0003 0035 00000267
[    6945.530633] /dev/input/event2: 0003 0036 00000582
[    6945.530633] /dev/input/event2: 0003 0031 00000004
[    6945.530633] /dev/input/event2: 0003 003a 00000036
[    6945.530633] /dev/input/event2: 0000 0000 00000000
[    6945.539148] /dev/input/event2: 0003 0035 00000288
[    6945.539148] /dev/input/event2: 0003 0036 0000058e
[    6945.539148] /dev/input/event2: 0000 0000 00000000
[    6945.547622] /dev/input/event2: 0003 0035 000002a4
[    6945.547622] /dev/input/event2: 0003 0036 0000059d
[    6945.547622] /dev/input/event2: 0000 0000 00000000
[    6945.556096] /dev/input/event2: 0003 0035 000002c0
[    6945.556096] /dev/input/event2: 0003 0036 000005ad
[    6945.556096] /dev/input/event2: 0000 0000 00000000
[    6945.564601] /dev/input/event2: 0003 0035 000002d8
[    6945.564601] /dev/input/event2: 0003 0036 000005bd
[    6945.564601] /dev/input/event2: 0000 0000 00000000
[    6945.573064] /dev/input/event2: 0003 0035 000002ea
[    6945.573064] /dev/input/event2: 0003 0036 000005cb
[    6945.573064] /dev/input/event2: 0003 003a 00000037
[    6945.573064] /dev/input/event2: 0000 0000 00000000
[    6945.582194] /dev/input/event2: 0003 0035 000002f8
[    6945.582194] /dev/input/event2: 0003 0036 000005d7
[    6945.582194] /dev/input/event2: 0003 003a 0000003d
[    6945.582194] /dev/input/event2: 0000 0000 00000000
[    6945.590790] /dev/input/event2: 0003 0035 00000303
[    6945.590790] /dev/input/event2: 0003 0036 000005e3
[    6945.590790] /dev/input/event2: 0000 0000 00000000
[    6945.599410] /dev/input/event2: 0003 0035 0000030b
[    6945.599410] /dev/input/event2: 0003 0036 000005ee
[    6945.599410] /dev/input/event2: 0000 0000 00000000
[    6945.607724] /dev/input/event2: 0003 0035 00000311
[    6945.607724] /dev/input/event2: 0003 0036 000005f7
[    6945.607724] /dev/input/event2: 0000 0000 00000000
[    6945.616186] /dev/input/event2: 0003 0035 00000315
[    6945.616186] /dev/input/event2: 0003 0036 000005ff
[    6945.616186] /dev/input/event2: 0000 0000 00000000
[    6945.624634] /dev/input/event2: 0003 0035 00000316
[    6945.624634] /dev/input/event2: 0003 0036 00000607
[    6945.624634] /dev/input/event2: 0000 0000 00000000
[    6945.633098] /dev/input/event2: 0003 0035 00000315
[    6945.633098] /dev/input/event2: 0003 0036 0000060d
[    6945.633098] /dev/input/event2: 0003 003a 0000003b
[    6945.633098] /dev/input/event2: 0000 0000 00000000
[    6945.641575] /dev/input/event2: 0003 0035 00000312
[    6945.641575] /dev/input/event2: 0003 0036 00000611
[    6945.641575] /dev/input/event2: 0000 0000 00000000
[    6945.650164] /dev/input/event2: 0003 0035 0000030c
[    6945.650164] /dev/input/event2: 0003 0036 00000614
[    6945.650164] /dev/input/event2: 0000 0000 00000000
[    6945.657699] /dev/input/event2: 0003 0035 00000302
[    6945.657699] /dev/input/event2: 0003 0036 00000617
[    6945.657699] /dev/input/event2: 0003 003a 00000035
[    6945.657699] /dev/input/event2: 0000 0000 00000000
[    6945.666201] /dev/input/event2: 0003 0035 000002f3
[    6945.666201] /dev/input/event2: 0003 0036 00000618
[    6945.666201] /dev/input/event2: 0003 0031 00000003
[    6945.666201] /dev/input/event2: 0000 0000 00000000
[    6945.675471] /dev/input/event2: 0003 0035 000002e2
[    6945.675471] /dev/input/event2: 0003 0036 00000615
[    6945.675471] /dev/input/event2: 0003 003a 0000003a
[    6945.675471] /dev/input/event2: 0000 0000 00000000
[    6945.683112] /dev/input/event2: 0003 0035 000002cf
[    6945.683112] /dev/input/event2: 0003 0036 0000060e
[    6945.683112] /dev/input/event2: 0003 0031 00000004
[    6945.683112] /dev/input/event2: 0003 003a 00000035
[    6945.683112] /dev/input/event2: 0000 0000 00000000
[    6945.691618] /dev/input/event2: 0003 0035 000002bb
[    6945.691618] /dev/input/event2: 0003 0036 00000603
[    6945.691618] /dev/input/event2: 0000 0000 00000000
[    6945.700028] /dev/input/event2: 0003 0035 000002a8
[    6945.700028] /dev/input/event2: 0003 0036 000005f5
[    6945.700028] /dev/input/event2: 0003 0031 00000003
[    6945.700028] /dev/input/event2: 0003 003a 00000034
[    6945.700028] /dev/input/event2: 0000 0000 00000000
[    6945.708514] /dev/input/event2: 0003 0035 00000298
[    6945.708514] /dev/input/event2: 0003 0036 000005e6
[    6945.708514] /dev/input/event2: 0003 0031 00000004
[    6945.708514] /dev/input/event2: 0000 0000 00000000
[    6945.717016] /dev/input/event2: 0003 0035 00000287
[    6945.717016] /dev/input/event2: 0003 0036 000005d1
[    6945.717016] /dev/input/event2: 0003 0031 00000003
[    6945.717016] /dev/input/event2: 0000 0000 00000000
[    6945.725460] /dev/input/event2: 0003 0035 00000278
[    6945.725460] /dev/input/event2: 0003 0036 000005ba
[    6945.725460] /dev/input/event2: 0003 0031 00000004
[    6945.725460] /dev/input/event2: 0000 0000 00000000
[    6945.733930] /dev/input/event2: 0003 0035 0000026d
[    6945.733930] /dev/input/event2: 0003 0036 000005a4
[    6945.733930] /dev/input/event2: 0000 0000 00000000
[    6945.743282] /dev/input/event2: 0003 0035 00000267
[    6945.743282] /dev/input/event2: 0003 0036 00000590
[    6945.743282] /dev/input/event2: 0003 003a 0000003a
[    6945.743282] /dev/input/event2: 0000 0000 00000000
[    6945.751689] /dev/input/event2: 0003 0035 00000264
[    6945.751689] /dev/input/event2: 0003 0036 0000057f
[    6945.751689] /dev/input/event2: 0003 0031 00000003
[    6945.751689] /dev/input/event2: 0000 0000 00000000
[    6945.760278] /dev/input/event2: 0003 0036 00000570
[    6945.760278] /dev/input/event2: 0000 0000 00000000
[    6945.768662] /dev/input/event2: 0003 0035 00000266
[    6945.768662] /dev/input/event2: 0003 0036 00000564
[    6945.768662] /dev/input/event2: 0003 0031 00000004
[    6945.768662] /dev/input/event2: 0000 0000 00000000
[    6945.777054] /dev/input/event2: 0003 0035 0000026b
[    6945.777054] /dev/input/event2: 0003 0036 0000055b
[    6945.777054] /dev/input/event2: 0000 0000 00000000
[    6945.784767] /dev/input/event2: 0003 0035 00000273
[    6945.784767] /dev/input/event2: 0003 0036 00000554
[    6945.784767] /dev/input/event2: 0003 003a 00000034
[    6945.784767] /dev/input/event2: 0000 0000 00000000
[    6945.793266] /dev/input/event2: 0003 0035 00000281
[    6945.793266] /dev/input/event2: 0003 0036 0000054f
[    6945.793266] /dev/input/event2: 0003 0031 00000003
[    6945.793266] /dev/input/event2: 0003 003a 00000035
[    6945.793266] /dev/input/event2: 0000 0000 00000000
[    6945.801828] /dev/input/event2: 0003 0035 00000297
[    6945.801828] /dev/input/event2: 0003 0031 00000004
[    6945.801828] /dev/input/event2: 0000 0000 00000000
[    6945.810213] /dev/input/event2: 0003 0035 000002af
[    6945.810213] /dev/input/event2: 0003 0036 00000554
[    6945.810213] /dev/input/event2: 0000 0000 00000000
[    6945.818684] /dev/input/event2: 0003 0035 000002cc
[    6945.818684] /dev/input/event2: 0003 0036 00000561
[    6945.818684] /dev/input/event2: 0003 0031 00000003
[    6945.818684] /dev/input/event2: 0003 003a 00000036
[    6945.818684] /dev/input/event2: 0000 0000 00000000
[    6945.827083] /dev/input/event2: 0003 0035 000002e6
[    6945.827083] /dev/input/event2: 0003 0036 00000572
[    6945.827083] /dev/input/event2: 0003 0031 00000004
[    6945.827083] /dev/input/event2: 0003 003a 00000035
[    6945.827083] /dev/input/event2: 0000 0000 00000000
[    6945.835573] /dev/input/event2: 0003 0035 000002fe
[    6945.835573] /dev/input/event2: 0003 0036 00000585
[    6945.835573] /dev/input/event2: 0003 003a 00000036
[    6945.835573] /dev/input/event2: 0000 0000 00000000
[    6945.844087] /dev/input/event2: 0003 0035 00000314
[    6945.844087] /dev/input/event2: 0003 0036 0000059a
[    6945.844087] /dev/input/event2: 0000 0000 00000000
[    6945.852537] /dev/input/event2: 0003 0035 00000328
[    6945.852537] /dev/input/event2: 0003 0036 000005af
[    6945.852537] /dev/input/event2: 0000 0000 00000000
[    6945.861117] /dev/input/event2: 0003 0035 00000339
[    6945.861117] /dev/input/event2: 0003 0036 000005c5
[    6945.861117] /dev/input/event2: 0000 0000 00000000
[    6945.869459] /dev/input/event2: 0003 0035 00000345
[    6945.869459] /dev/input/event2: 0003 0036 000005d9
[    6945.869459] /dev/input/event2: 0003 0031 00000003
[    6945.869459] /dev/input/event2: 0000 0000 00000000
[    6945.878739] /dev/input/event2: 0003 0035 0000034d
[    6945.878739] /dev/input/event2: 0003 0036 000005e9
[    6945.878739] /dev/input/event2: 0003 0031 00000004
[    6945.878739] /dev/input/event2: 0003 003a 0000003c
[    6945.878739] /dev/input/event2: 0000 0000 00000000
[    6945.887211] /dev/input/event2: 0003 0035 00000352
[    6945.887211] /dev/input/event2: 0003 0036 000005f6
[    6945.887211] /dev/input/event2: 0000 0000 00000000
[    6945.895608] /dev/input/event2: 0003 0035 00000355
[    6945.895608] /dev/input/event2: 0003 0036 00000600
[    6945.895608] /dev/input/event2: 0003 003a 0000003b
[    6945.895608] /dev/input/event2: 0000 0000 00000000
[    6945.904023] /dev/input/event2: 0003 0036 00000608
[    6945.904023] /dev/input/event2: 0000 0000 00000000
[    6945.912542] /dev/input/event2: 0003 0035 00000353
[    6945.912542] /dev/input/event2: 0003 0036 0000060d
[    6945.912542] /dev/input/event2: 0000 0000 00000000
[    6945.921052] /dev/input/event2: 0003 0035 00000350
[    6945.921052] /dev/input/event2: 0003 0036 00000610
[    6945.921052] /dev/input/event2: 0000 0000 00000000
[    6945.929564] /dev/input/event2: 0003 0035 0000034a
[    6945.929564] /dev/input/event2: 0003 0036 00000612
[    6945.929564] /dev/input/event2: 0000 0000 00000000
[    6945.937266] /dev/input/event2: 0003 0035 0000033f
[    6945.937266] /dev/input/event2: 0003 0036 00000611
[    6945.937266] /dev/input/event2: 0003 0031 00000003
[    6945.937266] /dev/input/event2: 0003 003a 00000036
[    6945.937266] /dev/input/event2: 0000 0000 00000000
[    6945.946521] /dev/input/event2: 0003 0035 0000032d
[    6945.946521] /dev/input/event2: 0003 0036 0000060b
[    6945.946521] /dev/input/event2: 0003 0031 00000004
[    6945.946521] /dev/input/event2: 0003 003a 0000003a
[    6945.946521] /dev/input/event2: 0000 0000 00000000
[    6945.954163] /dev/input/event2: 0003 0035 0000031a
[    6945.954163] /dev/input/event2: 0003 0036 00000600
[    6945.954163] /dev/input/event2: 0003 003a 00000035
[    6945.954163] /dev/input/event2: 0000 0000 00000000
[    6945.962578] /dev/input/event2: 0003 0035 00000304
[    6945.962578] /dev/input/event2: 0003 0036 000005ef
[    6945.962578] /dev/input/event2: 0000 0000 00000000
[    6945.971144] /dev/input/event2: 0003 0035 000002ed
[    6945.971144] /dev/input/event2: 0003 0036 000005da
[    6945.971144] /dev/input/event2: 0003 003a 00000034
[    6945.971144] /dev/input/event2: 0000 0000 00000000
[    6945.979611] /dev/input/event2: 0003 0035 000002d8
[    6945.979611] /dev/input/event2: 0003 0036 000005c2
[    6945.979611] /dev/input/event2: 0003 0031 00000003
[    6945.979611] /dev/input/event2: 0000 0000 00000000
[    6945.988019] /dev/input/event2: 0003 0035 000002c6
[    6945.988019] /dev/input/event2: 0003 0036 000005a9
[    6945.988019] /dev/input/event2: 0003 0031 00000004
[    6945.988019] /dev/input/event2: 0000 0000 00000000
[    6945.996525] /dev/input/event2: 0003 0035 000002b9
[    6945.996525] /dev/input/event2: 0003 0036 00000596
[    6945.996525] /dev/input/event2: 0000 0000 00000000
[    6946.005685] /dev/input/event2: 0003 0035 000002b1
[    6946.005685] /dev/input/event2: 0003 0036 00000589
[    6946.005685] /dev/input/event2: 0003 003a 0000003a
[    6946.005685] /dev/input/event2: 0000 0000 00000000
[    6946.014144] /dev/input/event2: 0003 0035 000002ac
[    6946.014144] /dev/input/event2: 0003 0036 00000580
[    6946.014144] /dev/input/event2: 0000 0000 00000000
[    6946.022866] /dev/input/event2: 0003 0035 000002aa
[    6946.022866] /dev/input/event2: 0003 0036 0000057a
[    6946.022866] /dev/input/event2: 0000 0000 00000000
[    6946.031262] /dev/input/event2: 0003 0036 00000576
[    6946.031262] /dev/input/event2: 0003 003a 00000039
[    6946.031262] /dev/input/event2: 0000 0000 00000000
[    6946.038887] /dev/input/event2: 0003 0035 000002ad
[    6946.038887] /dev/input/event2: 0003 0036 00000574
[    6946.038887] /dev/input/event2: 0003 003a 00000035
[    6946.038887] /dev/input/event2: 0000 0000 00000000
[    6946.047380] /dev/input/event2: 0003 0035 000002b8
[    6946.047380] /dev/input/event2: 0003 0036 00000576
[    6946.047380] /dev/input/event2: 0003 0031 00000003
[    6946.047380] /dev/input/event2: 0000 0000 00000000
[    6946.055799] /dev/input/event2: 0003 0035 000002cd
[    6946.055799] /dev/input/event2: 0003 0036 00000580
[    6946.055799] /dev/input/event2: 0003 0031 00000004
[    6946.055799] /dev/input/event2: 0000 0000 00000000
[    6946.064286] /dev/input/event2: 0003 0035 000002e9
[    6946.064286] /dev/input/event2: 0003 0036 00000592
[    6946.064286] /dev/input/event2: 0000 0000 00000000
[    6946.072730] /dev/input/event2: 0003 0035 00000304
[    6946.072730] /dev/input/event2: 0003 0036 000005a9
[    6946.072730] /dev/input/event2: 0000 0000 00000000
[    6946.081236] /dev/input/event2: 0003 0035 0000031e
[    6946.081236] /dev/input/event2: 0003 0036 000005c2
[    6946.081236] /dev/input/event2: 0003 003a 00000036
[    6946.081236] /dev/input/event2: 0000 0000 00000000
[    6946.089775] /dev/input/event2: 0003 0035 00000337
[    6946.089775] /dev/input/event2: 0003 0036 000005df
[    6946.089775] /dev/input/event2: 0000 0000 00000000
[    6946.098111] /dev/input/event2: 0003 0035 0000034a
[    6946.098111] /dev/input/event2: 0003 0036 000005f9
[    6946.098111] /dev/input/event2: 0000 0000 00000000
[    6946.106679] /dev/input/event2: 0003 0035 00000357
[    6946.106679] /dev/input/event2: 0003 0036 0000060f
[    6946.106679] /dev/input/event2: 0000 0000 00000000
[    6946.115924] /dev/input/event2: 0003 0035 0000035f
[    6946.115924] /dev/input/event2: 0003 0036 00000620
[    6946.115924] /dev/input/event2: 0003 0031 00000003
[    6946.115924] /dev/input/event2: 0003 003a 0000003d
[    6946.115924] /dev/input/event2: 0000 0000 00000000
[    6946.124388] /dev/input/event2: 0003 0035 00000363
[    6946.124388] /dev/input/event2: 0003 0036 0000062e
[    6946.124388] /dev/input/event2: 0003 003a 0000003c
[    6946.124388] /dev/input/event2: 0000 0000 00000000
[    6946.132930] /dev/input/event2: 0003 0035 00000364
[    6946.132930] /dev/input/event2: 0003 0036 00000639
[    6946.132930] /dev/input/event2: 0003 0031 00000004
[    6946.132930] /dev/input/event2: 0000 0000 00000000
[    6946.141249] /dev/input/event2: 0003 0035 00000361
[    6946.141249] /dev/input/event2: 0003 0036 00000640
[    6946.141249] /dev/input/event2: 0003 003a 0000003b
[    6946.141249] /dev/input/event2: 0000 0000 00000000
[    6946.149852] /dev/input/event2: 0003 0035 00000359
[    6946.149852] /dev/input/event2: 0003 0036 00000645
[    6946.149852] /dev/input/event2: 0003 0031 00000003
[    6946.149852] /dev/input/event2: 0003 003a 0000003a
[    6946.149852] /dev/input/event2: 0000 0000 00000000
[    6946.157482] /dev/input/event2: 0003 0035 00000347
[    6946.157482] /dev/input/event2: 0003 0036 00000647
[    6946.157482] /dev/input/event2: 0003 003a 00000035
[    6946.157482] /dev/input/event2: 0000 0000 00000000
[    6946.165931] /dev/input/event2: 0003 0035 00000324
[    6946.165931] /dev/input/event2: 0003 0036 0000063e
[    6946.165931] /dev/input/event2: 0003 0031 00000004
[    6946.165931] /dev/input/event2: 0003 003a 00000034
[    6946.165931] /dev/input/event2: 0000 0000 00000000
[    6946.174436] /dev/input/event2: 0003 0035 000002fa
[    6946.174436] /dev/input/event2: 0003 0036 0000062a
[    6946.174436] /dev/input/event2: 0003 0031 00000003
[    6946.174436] /dev/input/event2: 0000 0000 00000000
[    6946.182896] /dev/input/event2: 0003 0035 000002d1
[    6946.182896] /dev/input/event2: 0003 0036 0000060c
[    6946.182896] /dev/input/event2: 0003 0031 00000004
[    6946.182896] /dev/input/event2: 0000 0000 00000000
[    6946.191387] /dev/input/event2: 0003 0035 000002a1
[    6946.191387] /dev/input/event2: 0003 0036 000005e0
[    6946.191387] /dev/input/event2: 0003 003a 00000033
[    6946.191387] /dev/input/event2: 0000 0000 00000000
[    6946.199778] /dev/input/event2: 0003 0035 00000273
[    6946.199778] /dev/input/event2: 0003 0036 000005aa
[    6946.199778] /dev/input/event2: 0000 0000 00000000
[    6946.208301] /dev/input/event2: 0003 0035 00000244
[    6946.208301] /dev/input/event2: 0003 0036 00000568
[    6946.208301] /dev/input/event2: 0003 0031 00000003
[    6946.208301] /dev/input/event2: 0000 0000 00000000
[    6946.216827] /dev/input/event2: 0003 0035 00000217
[    6946.216827] /dev/input/event2: 0003 0036 0000052a
[    6946.216827] /dev/input/event2: 0003 003a 00000034
[    6946.216827] /dev/input/event2: 0000 0000 00000000
[    6946.225245] /dev/input/event2: 0003 0035 000001ef
[    6946.225245] /dev/input/event2: 0003 0036 000004ec
[    6946.225245] /dev/input/event2: 0003 003a 00000033
[    6946.225245] /dev/input/event2: 0000 0000 00000000
[    6946.233712] /dev/input/event2: 0003 0035 000001ca
[    6946.233712] /dev/input/event2: 0003 0036 000004b4
[    6946.233712] /dev/input/event2: 0003 003a 00000032
[    6946.233712] /dev/input/event2: 0000 0000 00000000
[    6946.242186] /dev/input/event2: 0003 0035 000001ac
[    6946.242186] /dev/input/event2: 0003 0036 0000047e
[    6946.242186] /dev/input/event2: 0003 0031 00000004
[    6946.242186] /dev/input/event2: 0000 0000 00000000
[    6946.250674] /dev/input/event2: 0003 0035 00000190
[    6946.250674] /dev/input/event2: 0003 0036 0000044b
[    6946.250674] /dev/input/event2: 0000 0000 00000000
[    6946.259165] /dev/input/event2: 0003 0035 00000177
[    6946.259165] /dev/input/event2: 0003 0036 00000422
[    6946.259165] /dev/input/event2: 0003 0031 00000003
[    6946.259165] /dev/input/event2: 0003 003a 00000030
[    6946.259165] /dev/input/event2: 0000 0000 00000000
[    6946.267312] /dev/input/event2: 0003 0039 ffffffff
[    6946.267312] /dev/input/event2: 0000 0000 00000000
